2500 56.083230 1.299979
2501 51.188360 1.241636
2502 53.034370 1.268652
2503 50.339950 1.200696
2504 49.814134 1.204012
2505 49.527995 1.200482
2506 48.568816 1.203322
2507 57.520554 1.311614
2508 52.835099 1.263940
2509 50.517449 1.239984
2510 54.517203 1.288434
2511 48.305278 1.193866
2512 52.399168 1.217926
2513 55.122226 1.277395
2514 55.058488 1.304545
2515 49.447903 1.200004
2516 49.459549 1.211867
2517 54.729882 1.301780
2518 53.747547 1.257839
2519 48.825274 1.208396
2520 49.209373 1.216805
2521 54.501627 1.288544
2522 53.058915 1.273200
2523 55.827814 1.310334
2524 57.968601 1.339910
2525 53.780029 1.267362
2526 55.045452 1.305437
2527 53.888796 1.306477
2528 51.880890 1.231848
2529 56.890826 1.311066
2530 51.721248 1.247197
2531 51.624480 1.247218
2532 51.283083 1.244636
2533 52.843372 1.264414
2534 49.530418 1.226674
2535 60.556374 1.373071
2536 51.531317 1.246914
2537 54.618860 1.286236
2538 52.541277 1.251435
2539 49.567969 1.218211
2540 59.979701 1.372684
2541 53.154301 1.268475
2542 53.515003 1.297938
2543 53.270559 1.269112
2544 51.953150 1.263411
2545 53.217478 1.264930
2546 56.096052 1.311435
2547 57.396405 1.324173
2548 50.177036 1.217465
2549 51.302691 1.246475
2550 54.451343 1.303988
2551 51.533034 1.255382
2552 52.340707 1.255164
2553 49.121869 1.227722
2554 51.499324 1.236781
2555 53.868706 1.281975
2556 52.837992 1.267430
2557 53.345611 1.273901
2558 55.559490 1.308129
2559 51.087973 1.249615
2560 58.082596 1.312414
2561 57.521237 1.331684
2562 54.014774 1.298934
2563 55.593649 1.306000
2564 57.844127 1.333347
2565 53.411720 1.294455
2566 63.180501 1.408665
2567 52.455594 1.274100
2568 55.344536 1.321781
2569 55.186754 1.308277
2570 54.690950 1.288946
2571 53.486576 1.286408
2572 55.851911 1.313623
2573 57.805771 1.351922
2574 54.444279 1.299037
2575 55.709582 1.315515
2576 54.862243 1.291418
2577 57.162302 1.343553
2578 52.126560 1.276171
2579 53.720241 1.293198
2580 59.074566 1.366469
2581 58.618067 1.385667
2582 58.700999 1.360763
2583 59.935971 1.370821
2584 51.036216 1.251937
2585 50.714202 1.253103
2586 51.999930 1.270385
2587 60.253466 1.399978
2588 55.534569 1.303834
2589 55.690580 1.305747
2590 53.463368 1.297003
2591 59.611633 1.378782
2592 60.351643 1.363226
2593 63.000324 1.434869
2594 51.212251 1.263119
2595 52.917282 1.282470
2596 56.444506 1.312528
2597 57.495312 1.332815
2598 54.026783 1.327267
2599 54.639581 1.318810
2600 50.315298 1.236207
2601 55.995714 1.325019
2602 55.596667 1.346916
2603 61.836208 1.418739
2604 56.589876 1.334909
2605 51.324168 1.264270
2606 52.903881 1.275486
2607 51.970596 1.288176
2608 56.596981 1.323192
2609 54.673139 1.323375
2610 56.206998 1.319502
2611 57.530930 1.374331
2612 58.596555 1.367295
2613 53.416564 1.317743
2614 53.895133 1.299852
2615 54.100010 1.296907
2616 59.686227 1.367490
2617 52.641740 1.297875
2618 56.242845 1.333796
2619 60.067365 1.392214
2620 54.455579 1.317380
2621 56.980471 1.348594
2622 51.884671 1.279813
2623 55.859056 1.322796
2624 58.033332 1.374051
2625 54.236766 1.328465
2626 55.532534 1.325737
2627 54.485247 1.322916
2628 54.013128 1.336307
2629 56.142963 1.332970
2630 57.174444 1.334518
2631 52.853232 1.321083
2632 57.171439 1.345984
2633 59.031163 1.378399
2634 57.447500 1.356979
2635 57.774529 1.365997
2636 53.682210 1.298381
2637 55.738747 1.327916
2638 58.897386 1.369826
2639 55.660343 1.315170
2640 53.089365 1.294338
2641 62.547354 1.447789
2642 59.040716 1.374209
2643 56.696302 1.361605
2644 56.191150 1.325995
2645 61.852701 1.440075
2646 62.198211 1.433218
2647 54.412554 1.323831
2648 57.432585 1.366576
2649 59.135880 1.374148
2650 52.951209 1.316461
2651 55.105385 1.300569
2652 59.778843 1.369967
2653 50.296275 1.273259
2654 57.285253 1.354886
2655 62.613264 1.419127
2656 54.321695 1.298859
2657 59.881182 1.404939
2658 56.771645 1.355921
2659 58.600529 1.392696
2660 53.295590 1.306963
2661 63.585441 1.443290
2662 54.861982 1.337324
2663 57.300940 1.338492
2664 56.483733 1.335508
2665 57.830458 1.359170
2666 62.730630 1.451880
2667 51.530218 1.300147
2668 55.616656 1.342584
2669 55.334505 1.338791
2670 61.079442 1.388547
2671 53.722926 1.313310
2672 51.815538 1.275601
2673 55.206358 1.356739
2674 54.158330 1.326360
2675 57.341317 1.391048
2676 54.811950 1.328885
2677 55.290016 1.376654
2678 55.286377 1.317241
2679 55.670138 1.340943
2680 57.274145 1.328710
2681 62.357170 1.442385
2682 57.820043 1.372287
2683 62.346098 1.466038
2684 52.448599 1.299046
2685 58.198652 1.354895
2686 56.717072 1.372804
2687 54.981071 1.353680
2688 56.178468 1.334158
2689 52.024813 1.287122
2690 54.014241 1.342773
2691 53.111513 1.314411
2692 56.948445 1.384618
2693 58.174901 1.379081
2694 56.002385 1.385999
2695 60.302571 1.407921
2696 59.293822 1.365129
2697 57.103995 1.354551
2698 57.651143 1.359003
2699 54.635556 1.318398
2700 60.305996 1.419288
2701 59.184605 1.393920
2702 61.295902 1.445040
2703 58.642578 1.377719
2704 53.588631 1.323224
2705 54.576343 1.317192
2706 58.385980 1.376825
2707 60.657569 1.424003
2708 59.245159 1.387008
2709 59.403567 1.389758
2710 56.605039 1.363249
2711 57.667247 1.355257
2712 53.781774 1.313637
2713 56.562401 1.379353
2714 56.567283 1.365849
2715 52.722864 1.288542
2716 58.733195 1.379590
2717 55.626928 1.330240
2718 61.260263 1.438373
2719 56.621876 1.357379
2720 54.608415 1.347877
2721 56.014757 1.376498
2722 58.572149 1.401893
2723 61.841212 1.465747
2724 56.582208 1.382764
2725 56.166525 1.352880
2726 60.359802 1.432787
2727 58.727140 1.421850
2728 56.137004 1.361728
2729 57.696702 1.384301
2730 63.730402 1.537840
2731 53.648947 1.338222
2732 58.505976 1.410869
2733 57.735481 1.417428
2734 58.222221 1.389642
2735 65.215523 1.482884
2736 58.701502 1.374482
2737 56.656255 1.387699
2738 57.742946 1.412396
2739 55.324208 1.368153
2740 58.030641 1.410927
2741 55.799779 1.381403
2742 58.374594 1.386213
2743 56.275276 1.393310
2744 61.208849 1.428250
2745 55.582355 1.338836
2746 62.460744 1.456859
2747 56.196333 1.384314
2748 59.193033 1.408757
2749 58.005671 1.403306
2750 55.152285 1.362994
2751 55.367936 1.376200
2752 55.717237 1.362242
2753 56.820220 1.388800
2754 55.566052 1.381916
2755 57.033859 1.389274
2756 57.099568 1.383104
2757 60.642469 1.441085
2758 54.722111 1.355523
2759 62.552580 1.477891
2760 57.345132 1.403224
2761 56.753249 1.401287
2762 63.898195 1.468818
2763 58.624368 1.421606
2764 55.325306 1.371374
2765 62.422801 1.451151
2766 60.740153 1.429818
2767 56.343615 1.402024
2768 60.107992 1.420783
2769 54.803420 1.382864
2770 56.081755 1.380580
2771 59.727790 1.429539
2772 57.163025 1.389256
2773 58.178667 1.406497
2774 63.731589 1.465103
2775 57.699897 1.422532
2776 57.069617 1.376880
2777 59.394727 1.417986
2778 53.574308 1.358156
2779 56.539392 1.394905
2780 61.115301 1.471312
2781 55.510929 1.379083
2782 56.238991 1.390786
2783 57.582067 1.406168
2784 62.257502 1.439643
2785 57.020625 1.394909
2786 57.485632 1.402652
2787 57.865758 1.404335
2788 54.012928 1.359480
2789 55.675871 1.367528
2790 56.110785 1.383266
2791 59.432175 1.454317
2792 62.241984 1.473346
2793 60.602786 1.454502
2794 64.689960 1.514212
2795 53.867665 1.345382
2796 52.743914 1.355249
2797 57.747809 1.436181
2798 59.409452 1.438037
2799 56.757984 1.421050
2800 60.902888 1.444708
2801 58.776575 1.427263
2802 58.226845 1.417761
2803 63.060053 1.487877
2804 57.779284 1.423098
2805 53.725858 1.379528
2806 60.088373 1.486597
2807 58.969559 1.440124
2808 59.114541 1.456545
2809 58.254032 1.415067
2810 60.612271 1.457313
2811 58.551673 1.456895
2812 63.474561 1.502204
2813 55.519508 1.399631
2814 55.762216 1.395384
2815 54.595407 1.383726
2816 63.416230 1.424944
2817 63.353911 1.507172
2818 57.222573 1.406886
2819 57.767242 1.436201
2820 58.265098 1.439586
2821 55.761986 1.399670
2822 58.823443 1.481430
2823 60.792972 1.476894
2824 58.495607 1.437313
2825 64.353032 1.511365
2826 56.433781 1.400058
2827 59.617625 1.456633
2828 58.058234 1.434420
2829 59.548798 1.466152
2830 54.975772 1.391740
2831 56.892286 1.420188
2832 57.994894 1.427496
2833 55.811957 1.405249
2834 56.625121 1.428174
2835 56.858878 1.428336
2836 57.970423 1.438613
2837 57.444630 1.430055
2838 59.465021 1.445384
2839 57.675399 1.441010
2840 53.911475 1.398731
2841 63.819715 1.509267
2842 60.308231 1.495413
2843 55.305625 1.402122
2844 63.708585 1.547581
2845 66.313578 1.595550
2846 58.573669 1.461385
2847 62.005164 1.499800
2848 65.820940 1.550842
2849 60.048188 1.474476
2850 61.145991 1.461969
2851 57.542097 1.444574
2852 67.072217 1.556664
2853 66.131592 1.557961
2854 61.722965 1.482124
2855 62.877082 1.505864
2856 57.197853 1.444409
2857 63.068231 1.535935
2858 60.700121 1.468244
2859 62.192449 1.499985
2860 58.815252 1.448916
2861 58.153151 1.467158
2862 61.249360 1.477190
2863 60.278222 1.495542
2864 60.671267 1.476035
2865 59.199911 1.468743
2866 59.480414 1.470230
2867 58.081836 1.447111
2868 60.689537 1.469344
2869 66.351729 1.585590
2870 60.418022 1.460819
2871 61.065897 1.501817
2872 60.251846 1.474627
2873 54.672545 1.417127
2874 58.496103 1.465372
2875 61.182403 1.496959
2876 57.630234 1.467942
2877 59.012192 1.468375
2878 62.664900 1.508842
2879 61.060894 1.494420
2880 59.327880 1.463957
2881 59.499361 1.474985
2882 66.918798 1.568467
2883 67.316916 1.605095
2884 59.659650 1.495009
2885 61.048580 1.507204
2886 61.359250 1.502406
2887 61.784973 1.492170
2888 55.273983 1.417520
2889 58.837514 1.479850
2890 65.602389 1.556097
2891 62.446624 1.521175
2892 58.480233 1.454995
2893 61.032501 1.495747
2894 62.584979 1.525242
2895 59.490512 1.508332
2896 54.994614 1.403885
2897 64.586222 1.559670
2898 54.826496 1.426532
2899 60.191326 1.506042
2900 64.158808 1.525393
2901 56.822599 1.452865
2902 56.794656 1.445922
2903 60.040376 1.483288
2904 57.110678 1.450849
2905 57.089107 1.448968
2906 68.092354 1.615344
2907 64.117355 1.568530
2908 67.645361 1.610412
2909 57.972465 1.459556
2910 59.458605 1.505867
2911 59.854798 1.504308
2912 58.788703 1.470257
2913 61.581686 1.557918
2914 59.572002 1.487603
2915 60.027144 1.492626
2916 64.870554 1.579014
2917 62.893965 1.539520
2918 65.278815 1.543803
2919 61.335648 1.516286
2920 61.331173 1.507487
2921 62.039395 1.538818
2922 60.979463 1.510605
2923 65.192089 1.566367
2924 63.922909 1.543836
2925 61.313571 1.531204
2926 63.588391 1.540123
2927 59.377894 1.506495
2928 58.069911 1.461032
2929 66.399843 1.591548
2930 66.434729 1.597041
2931 64.231015 1.566609
2932 61.306289 1.523398
2933 64.524762 1.589397
2934 62.234412 1.547138
2935 60.213169 1.512878
2936 65.275476 1.570060
2937 62.791221 1.517679
2938 59.696539 1.513345
2939 66.368185 1.617195
2940 63.114318 1.515066
2941 65.497462 1.589483
2942 66.467320 1.583304
2943 59.496972 1.500811
2944 60.154948 1.500865
2945 65.598883 1.548207
2946 67.473465 1.586337
2947 63.142608 1.547111
2948 63.736310 1.559865
2949 65.466541 1.561933
2950 64.822974 1.559734
2951 58.772538 1.489109
2952 58.482031 1.471822
2953 63.276014 1.535058
2954 61.853369 1.540387
2955 66.530873 1.614292
2956 60.128505 1.505534
2957 59.141587 1.499353
2958 59.993780 1.505129
2959 60.752367 1.509397
2960 61.932676 1.529831
2961 63.087697 1.549261
2962 61.938450 1.562587
2963 66.838840 1.602215
2964 60.370014 1.506813
2965 62.022488 1.548176
2966 60.790146 1.495454
2967 60.706151 1.533965
2968 56.268532 1.454988
2969 65.838600 1.595017
2970 63.295053 1.578115
2971 61.011397 1.531724
2972 67.549797 1.577414
2973 64.323163 1.550270
2974 60.761995 1.548297
2975 62.284163 1.555536
2976 58.469948 1.505006
2977 63.013653 1.570614
2978 61.115080 1.538556
2979 61.722576 1.562415
2980 59.823698 1.522555
2981 69.659275 1.642710
2982 62.303411 1.560080
2983 62.828612 1.558944
2984 60.715135 1.546189
2985 64.997103 1.589712
2986 63.076645 1.556383
2987 60.128833 1.524079
2988 65.096609 1.573985
2989 63.820515 1.575827
2990 62.287465 1.529968
2991 60.175890 1.554752
2992 61.397440 1.514539
2993 63.668853 1.566725
2994 64.136860 1.571889
2995 62.932582 1.578240
2996 60.794797 1.552383
2997 64.801644 1.585740
2998 64.442982 1.548606
2999 59.554200 1.543928
3000 67.448082 1.959173
3001 100.251933 2.430866
3002 73.358746 2.012361
3003 84.917324 2.212893
3004 70.435484 2.036458
3005 65.377543 1.912323
3006 75.364727 2.161016
3007 72.722755 2.021010
3008 82.532295 2.214341
3009 69.829875 1.997147
3010 88.266846 2.359541
3011 87.807150 2.323877
3012 72.485162 2.036355
3013 86.741538 2.277001
3014 91.274200 2.357798
3015 77.696222 2.173120
3016 80.510370 2.191293
3017 78.809497 2.190004
3018 65.757984 1.955056
3019 72.765996 2.058025
3020 78.078915 2.171032
3021 79.455709 2.171103
3022 73.241457 2.076208
3023 77.445131 2.174612
3024 69.051623 1.966988
3025 82.343352 2.185650
3026 77.432210 2.159031
3027 78.167112 2.184276
3028 74.512399 2.106766
3029 89.015290 2.301859
3030 72.759253 2.064358
3031 84.051293 2.250678
3032 86.123644 2.277273
3033 84.236454 2.307955
3034 76.148575 2.133878
3035 80.539258 2.207278
3036 91.190758 2.410673
3037 76.852850 2.131849
3038 78.071833 2.175914
3039 83.921524 2.269223
3040 71.620727 2.030969
3041 80.187690 2.227679
3042 86.225619 2.255613
3043 79.968717 2.199365
3044 84.557648 2.269241
3045 78.190035 2.173375
3046 74.902544 2.062556
3047 82.651490 2.253871
3048 79.329873 2.190124
3049 78.147301 2.167643
3050 85.764134 2.290914
3051 77.506452 2.189193
3052 85.385453 2.287105
3053 82.708068 2.238502
3054 88.881853 2.345295
3055 87.131867 2.349070
3056 75.360836 2.124770
3057 79.680916 2.229724
3058 82.361030 2.258950
3059 78.514986 2.129718
3060 73.989787 2.149921
3061 97.104479 2.433470
3062 79.751277 2.203129
3063 88.133706 2.367629
3064 68.489790 2.005300
3065 85.297774 2.299581
3066 81.914844 2.241618
3067 78.858246 2.202470
3068 84.264821 2.285268
3069 88.624152 2.345239
3070 80.715791 2.244116
3071 87.894159 2.353322
3072 86.274281 2.313675
3073 89.332828 2.389596
3074 77.497864 2.165986
3075 91.061583 2.402683
3076 84.410330 2.290231
3077 91.679902 2.414077
3078 88.143921 2.373009
3079 87.407134 2.343286
3080 79.264597 2.223295
3081 83.382641 2.266385
3082 82.945165 2.300653
3083 87.106564 2.359154
3084 89.118067 2.371718
3085 83.559570 2.250296
3086 97.279190 2.507892
3087 86.319208 2.322391
3088 82.688999 2.255378
3089 90.685295 2.362705
3090 79.071736 2.200734
3091 81.796690 2.246961
3092 87.394390 2.327782
3093 80.422959 2.235019
3094 83.368130 2.287859
3095 78.148191 2.213198
3096 82.099398 2.280516
3097 83.364390 2.293301
3098 94.043547 2.464126
3099 89.218431 2.396879
3100 89.552624 2.322422
3101 80.878589 2.240998
3102 78.477299 2.238927
3103 80.816689 2.218591
3104 78.446743 2.226161
3105 83.910518 2.296508
3106 82.075632 2.232809
3107 79.966330 2.231666
3108 81.348342 2.243517
3109 83.048285 2.280427
3110 84.801776 2.326386
3111 82.105019 2.286776
3112 80.216567 2.227458
3113 86.468951 2.350736
3114 79.675214 2.205521
3115 83.092972 2.269783
3116 83.334994 2.283570
3117 88.244511 2.372052
3118 83.810462 2.298038
3119 88.747128 2.336327
3120 91.740499 2.382867
3121 80.622207 2.233051
3122 79.182049 2.231311
3123 84.353925 2.298158
3124 86.424760 2.304197
3125 90.345030 2.432057
3126 78.667701 2.217495
3127 89.320225 2.394124
3128 80.567125 2.229133
3129 83.624689 2.319625
3130 83.964066 2.331093
3131 86.729200 2.336672
3132 77.883066 2.221648
3133 77.941605 2.248057
3134 84.965762 2.330922
3135 88.828452 2.363715
3136 84.960840 2.282462
3137 86.389422 2.320731
3138 88.269113 2.334083
3139 82.400099 2.292910
3140 77.641610 2.162965
3141 80.646295 2.234483
3142 79.148226 2.262713
3143 67.995366 2.065353
3144 80.491367 2.248716
3145 77.171658 2.199371
3146 88.381053 2.386473
3147 86.043368 2.336768
3148 74.878196 2.165999
3149 91.563302 2.446782
3150 85.137819 2.328527
3151 80.798655 2.308748
3152 84.978220 2.360013
3153 88.248629 2.365482
3154 84.036073 2.301572
3155 85.829442 2.350895
3156 78.029705 2.212267
3157 84.983235 2.327935
3158 82.458253 2.303437
3159 82.297330 2.260433
3160 95.590314 2.501631
3161 93.397397 2.466157
3162 94.380729 2.454074
3163 92.538131 2.419806
3164 81.149795 2.283503
3165 81.107580 2.269421
3166 84.662859 2.314719
3167 80.159846 2.256709
3168 81.320957 2.238137
3169 89.071205 2.370498
3170 78.224796 2.200271
3171 87.990076 2.380273
3172 85.949303 2.340063
3173 84.493012 2.300736
3174 86.486984 2.356437
3175 91.878071 2.439917
3176 84.113297 2.284197
3177 82.507732 2.311571
3178 86.154368 2.386810
3179 90.449702 2.413486
3180 84.964361 2.335857
3181 87.069005 2.363397
3182 78.477904 2.222055
3183 77.457692 2.223696
3184 79.637176 2.230267
3185 86.163618 2.375372
3186 82.517525 2.296884
3187 88.568586 2.382658
3188 81.683459 2.280594
3189 82.417904 2.300200
3190 82.684650 2.308453
3191 80.883087 2.309947
3192 85.907600 2.353149
3193 86.356312 2.376851
3194 83.080745 2.303400
3195 92.584489 2.512352
3196 82.187992 2.311525
3197 83.989697 2.348710
3198 79.051819 2.274827
3199 89.306357 2.402834
3200 84.155160 2.318188
3201 89.337815 2.420799
3202 92.499690 2.451599
3203 76.093857 2.224904
3204 83.105224 2.355318
3205 89.728817 2.449757
3206 91.021921 2.446126
3207 78.364872 2.251865
3208 77.360149 2.248318
3209 80.486557 2.298753
3210 80.972689 2.306424
3211 87.882123 2.417490
3212 87.562522 2.382645
3213 83.969318 2.358096
3214 92.016849 2.496826
3215 83.264352 2.319942
3216 77.729307 2.259486
3217 84.464854 2.341938
3218 89.361909 2.401096
3219 83.201016 2.329565
3220 96.219885 2.525744
3221 81.323511 2.304990
3222 95.455648 2.516441
3223 85.793655 2.384538
3224 85.679920 2.367269
3225 90.449945 2.477588
3226 87.664272 2.434614
3227 87.249170 2.363741
3228 83.734192 2.300713
3229 80.688681 2.312073
3230 85.213860 2.411478
3231 77.588052 2.278400
3232 89.319508 2.416319
3233 81.875631 2.309741
3234 79.707365 2.292652
3235 81.923029 2.293597
3236 91.997329 2.465236
3237 82.046989 2.314234
3238 81.641744 2.339920
3239 91.217358 2.505237
3240 83.784174 2.330340
3241 91.201791 2.431430
3242 84.821275 2.397979
3243 85.524753 2.373332
3244 87.196506 2.389190
3245 85.076611 2.368707
3246 84.259776 2.370648
3247 87.005879 2.386953
3248 91.339551 2.470291
3249 91.526288 2.485508
3250 90.516407 2.463070
3251 79.014226 2.263809
3252 89.127888 2.440282
3253 92.853627 2.475735
3254 86.176866 2.382170
3255 93.716963 2.524228
3256 86.210935 2.376176
3257 86.607217 2.404218
3258 91.296383 2.453917
3259 84.466135 2.388320
3260 96.258174 2.570790
3261 86.510502 2.415189
3262 84.947849 2.384298
3263 86.998114 2.415004
3264 84.826563 2.340952
3265 90.484465 2.461633
3266 88.768822 2.439739
3267 88.023436 2.443434
3268 85.032024 2.400098
3269 90.194131 2.491726
3270 82.864433 2.382370
3271 89.617297 2.452894
3272 91.053577 2.485322
3273 90.284851 2.497512
3274 91.657123 2.534935
3275 96.263761 2.563868
3276 83.989491 2.411650
3277 87.456500 2.436120
3278 86.103845 2.410875
3279 87.178329 2.437294
3280 89.316603 2.437880
3281 84.457307 2.392283
3282 89.778475 2.456484
3283 86.300306 2.441830
3284 94.850724 2.540599
3285 87.209302 2.393182
3286 90.126295 2.458607
3287 87.463951 2.433120
3288 86.272635 2.424537
3289 86.573277 2.401810
3290 94.163505 2.508621
3291 84.333823 2.432643
3292 81.237618 2.352601
3293 89.590269 2.457759
3294 85.310292 2.400320
3295 88.825879 2.452968
3296 93.542541 2.478172
3297 93.995341 2.581177
3298 82.904929 2.365097
3299 89.078837 2.488690
3300 95.752292 2.620348
3301 83.908196 2.395557
3302 88.144256 2.473248
3303 94.404775 2.549739
3304 93.540198 2.505626
3305 90.267325 2.505564
3306 84.863803 2.395490
3307 96.140477 2.635725
3308 82.476687 2.364384
3309 95.133187 2.516527
3310 85.230043 2.398457
3311 83.843913 2.393294
3312 86.989405 2.430949
3313 94.280156 2.549889
3314 88.307529 2.429384
3315 93.181205 2.550163
3316 87.861820 2.444225
3317 81.246110 2.347166
3318 91.695956 2.529501
3319 84.794280 2.424297
3320 87.849335 2.435683
3321 89.332741 2.488462
3322 93.294181 2.542719
3323 82.787083 2.385386
3324 91.330342 2.509572
3325 88.053170 2.452363
3326 85.490280 2.421875
3327 91.013766 2.476470
3328 97.151881 2.558724
3329 90.894504 2.549074
3330 83.747697 2.399064
3331 88.208543 2.495301
3332 87.674513 2.478078
3333 87.172090 2.445239
3334 85.347717 2.442981
3335 95.132980 2.554679
3336 95.129250 2.610026
3337 86.488019 2.475404
3338 82.537101 2.416099
3339 93.578943 2.568394
3340 87.367908 2.477390
3341 93.200741 2.523915
3342 86.109372 2.451128
3343 88.399080 2.509878
3344 86.327405 2.441828
3345 87.862145 2.458364
3346 94.835994 2.581411
3347 89.269914 2.508134
3348 86.986968 2.493606
3349 95.010090 2.555243
3350 88.180341 2.469871
3351 89.793646 2.509215
3352 94.070956 2.541329
3353 84.005149 2.422280
3354 90.555079 2.491533
3355 93.982155 2.609923
3356 88.305930 2.478577
3357 86.502878 2.459109
3358 84.105060 2.448888
3359 87.184186 2.457791
3360 86.855398 2.459967
3361 86.438682 2.474425
3362 94.906706 2.568831
3363 87.251293 2.515026
3364 87.465026 2.464700
3365 86.361504 2.454239
3366 85.739856 2.469445
3367 91.418713 2.542265
3368 85.880492 2.462491
3369 94.205344 2.533868
3370 89.166258 2.512011
3371 88.373004 2.526840
3372 86.995902 2.490458
3373 91.742152 2.552441
3374 88.616157 2.514204
3375 90.643230 2.517091
3376 85.570945 2.476632
3377 93.467257 2.535390
3378 90.396324 2.515622
3379 96.705007 2.646467
3380 93.246739 2.530576
3381 94.119744 2.575910
3382 88.700609 2.532717
3383 89.937786 2.535468
3384 94.456182 2.615689
3385 91.510141 2.617927
3386 88.015401 2.461945
3387 84.842912 2.464203
3388 99.174921 2.664712
3389 90.301566 2.564872
3390 83.809717 2.418466
3391 89.425495 2.544767
3392 87.595571 2.473862
3393 84.299078 2.443387
3394 89.136378 2.495100
3395 90.898183 2.559094
3396 94.340441 2.623233
3397 91.416083 2.581196
3398 95.625425 2.624260
3399 88.646175 2.553125
3400 84.833681 2.429884
3401 90.363673 2.560069
3402 92.834007 2.582666
3403 81.758384 2.446382
3404 89.699854 2.564828
3405 91.121681 2.568464
3406 93.439797 2.634625
3407 88.466753 2.496861
3408 95.633507 2.613520
3409 90.175114 2.519561
3410 89.071800 2.560406
3411 86.186714 2.489737
3412 94.698181 2.606133
3413 91.292432 2.600104
3414 92.454464 2.540052
3415 90.626910 2.567600
3416 90.540672 2.512402
3417 94.772893 2.586665
3418 86.911315 2.521821
3419 95.875020 2.625406
3420 92.837814 2.584424
3421 89.760411 2.565669
3422 89.155601 2.538575
3423 92.993858 2.617155
3424 91.112042 2.548638
3425 89.971772 2.544431
3426 91.778693 2.577848
3427 94.464450 2.604557
3428 85.874416 2.515396
3429 92.329353 2.593664
3430 92.475804 2.594446
3431 84.320634 2.499455
3432 87.725232 2.507122
3433 91.906512 2.596324
3434 94.430531 2.661084
3435 98.262928 2.725002
3436 92.213450 2.550844
3437 91.086990 2.595253
3438 89.386179 2.580461
3439 89.581277 2.575266
3440 84.566765 2.456181
3441 90.923859 2.564293
3442 101.841271 2.735829
3443 90.930040 2.641558
3444 89.106853 2.532571
3445 85.995478 2.508853
3446 90.201170 2.565250
3447 83.075045 2.466376
3448 94.921931 2.631252
3449 89.207968 2.544170
3450 96.262525 2.639887
3451 95.070429 2.689108
3452 95.310082 2.657903
3453 91.497184 2.579400
3454 86.117860 2.523408
3455 82.179798 2.473028
3456 90.756980 2.565938
3457 92.641049 2.626814
3458 89.137444 2.558567
3459 93.852099 2.635631
3460 85.456011 2.533218
3461 92.080185 2.579067
3462 93.055574 2.618061
3463 95.919319 2.650287
3464 100.596001 2.703125
3465 89.885804 2.596533
3466 93.543286 2.595110
3467 87.017176 2.581253
3468 94.419867 2.647462
3469 91.237461 2.588841
3470 99.163386 2.735220
3471 95.548315 2.632642
3472 93.744321 2.621585
3473 88.815825 2.574446
3474 92.782621 2.597026
3475 89.959995 2.595946
3476 113.170424 2.858827
3477 96.048227 2.633498
3478 96.287852 2.715176
3479 94.180703 2.655797
3480 101.851515 2.769444
3481 92.962315 2.615926
3482 84.495378 2.515452
3483 87.402358 2.541552
3484 86.563208 2.506477
3485 85.929276 2.530741
3486 88.993120 2.583348
3487 103.073010 2.761925
3488 94.034600 2.608944
3489 96.625759 2.664708
3490 89.522302 2.591777
3491 88.268121 2.548099
3492 89.491230 2.593442
3493 90.318398 2.617420
3494 90.567475 2.598203
3495 84.398542 2.530373
3496 94.698701 2.663986
3497 99.537477 2.735733
3498 94.398242 2.635886
3499 87.808818 2.557629
3500 92.398398 2.616146
3501 92.474091 2.625636
3502 99.094746 2.705415
3503 95.601101 2.630038
3504 92.432422 2.609067
3505 90.006811 2.584398
3506 97.047035 2.690565
3507 90.352894 2.583811
3508 97.924368 2.676261
3509 92.947840 2.644993
3510 88.477648 2.574100
3511 97.260625 2.696095
3512 91.008344 2.631083
3513 94.046950 2.687864
3514 93.996160 2.644211
3515 88.933060 2.601428
3516 92.521248 2.605913
3517 93.237180 2.679391
3518 97.617444 2.769193
3519 96.252638 2.674886
3520 93.675199 2.654607
3521 87.768362 2.559428
3522 91.744756 2.652322
3523 92.547102 2.692093
3524 98.630046 2.696667
3525 90.802341 2.605468
3526 89.276991 2.610271
3527 87.326918 2.575703
3528 95.895176 2.677919
3529 107.028346 2.830457
3530 92.582205 2.630284
3531 94.058672 2.648231
3532 77.912289 2.412089
3533 89.583603 2.606546
3534 97.820818 2.691471
3535 98.776568 2.751212
3536 88.947486 2.600797
3537 97.807832 2.700636
3538 96.440051 2.726187
3539 97.109712 2.710510
3540 92.874353 2.657024
3541 95.421961 2.705076
3542 96.347564 2.696353
3543 100.233341 2.743216
3544 91.504067 2.611664
3545 85.563632 2.556332
3546 110.389673 2.867200
3547 104.597632 2.857517
3548 92.519790 2.665643
3549 107.798641 2.833474
3550 90.406882 2.624741
3551 104.197474 2.852944
3552 99.526044 2.754199
3553 90.890454 2.611734
3554 88.073002 2.611494
3555 93.086228 2.640702
3556 91.062083 2.647716
3557 97.580235 2.730811
3558 114.353728 2.953440
3559 96.851613 2.723289
3560 88.256636 2.567981
3561 86.986523 2.583509
3562 89.274687 2.603985
3563 94.288169 2.720078
3564 95.063667 2.731000
3565 92.255157 2.648203
3566 92.672854 2.679564
3567 102.866665 2.813972
3568 93.217648 2.690779
3569 113.960247 3.041185
3570 90.617603 2.636961
3571 102.759313 2.798966
3572 101.618566 2.753448
3573 104.360810 2.787370
3574 92.950554 2.691224
3575 103.581480 2.782445
3576 88.105966 2.592490
3577 92.493977 2.672072
3578 103.749883 2.907597
3579 94.006960 2.700088
3580 94.806731 2.691348
3581 103.066094 2.821196
3582 98.203815 2.751727
3583 103.327767 2.814481
3584 88.433253 2.569266
3585 101.704413 2.775065
3586 97.834959 2.745671
3587 92.142956 2.688573
3588 93.508089 2.706919
3589 96.672840 2.797389
3590 103.633506 2.844122
3591 96.796969 2.777194
3592 97.125016 2.764552
3593 100.401798 2.805257
3594 83.208116 2.551489
3595 95.827438 2.747158
3596 95.767203 2.725649
3597 93.265437 2.719900
3598 106.377243 2.887036
3599 95.509226 2.741116
3600 105.605828 2.852849
3601 89.864286 2.667671
3602 97.707450 2.734339
3603 98.352842 2.839649
3604 97.405950 2.767910
3605 96.388288 2.764167
3606 91.011523 2.672245
3607 94.895073 2.770087
3608 90.014579 2.653020
3609 94.754845 2.739278
3610 98.110132 2.750515
3611 93.525520 2.692901
3612 92.773881 2.711413
3613 92.952228 2.732205
3614 117.467521 3.054681
3615 92.486082 2.732210
3616 92.871611 2.680801
3617 88.759324 2.644480
3618 98.005928 2.779164
3619 97.310576 2.772921
3620 91.550262 2.692565
3621 99.313823 2.815972
3622 101.548662 2.817706
3623 91.006680 2.708455
3624 98.858904 2.789541
3625 91.974112 2.733581
3626 97.664898 2.800535
3627 98.344092 2.792190
3628 99.528821 2.793150
3629 95.829887 2.755623
3630 94.969446 2.692495
3631 100.111286 2.848862
3632 94.762839 2.736210
3633 92.428444 2.705278
3634 92.291433 2.695433
3635 90.797143 2.650380
3636 98.596372 2.763803
3637 101.014308 2.831820
3638 100.984177 2.858203
3639 86.226604 2.615390
3640 103.021828 2.781964
3641 100.656434 2.858924
3642 100.527562 2.832529
3643 109.412125 2.944753
3644 93.167263 2.712551
3645 108.154328 2.953525
3646 94.628374 2.758244
3647 109.142047 2.926867
3648 113.816321 3.005747
3649 98.644856 2.797289
3650 90.123705 2.707499
3651 106.130626 2.912282
3652 111.875257 2.957541
3653 94.796069 2.747781
3654 99.289392 2.822574
3655 97.528160 2.805240
3656 109.877928 2.943126
3657 97.936234 2.805103
3658 86.282692 2.584818
3659 107.576604 2.897310
3660 104.257963 2.890095
3661 90.719753 2.719748
3662 99.670702 2.895810
3663 115.792033 3.036113
3664 96.936029 2.774121
3665 106.266163 2.934313
3666 118.201157 3.055413
3667 90.872607 2.687731
3668 88.261784 2.667596
3669 117.080023 3.069645
3670 97.549933 2.791920
3671 91.399153 2.750048
3672 103.810518 2.859345
3673 109.298765 2.995590
3674 92.448252 2.690553
3675 87.768682 2.665827
3676 99.700409 2.853950
3677 87.891473 2.691077
3678 106.781664 2.883717
3679 97.111507 2.797290
3680 111.166918 2.985054
3681 113.088392 3.016320
3682 107.993806 2.966297
3683 104.592655 2.969767
3684 96.153486 2.814015
3685 92.645680 2.777785
3686 111.258455 2.967365
3687 108.532421 2.947601
3688 91.739742 2.744932
3689 92.399812 2.744961
3690 96.128428 2.801933
3691 111.796586 3.009405
3692 102.097974 2.883817
3693 121.555485 3.121419
3694 102.982036 2.914334
3695 103.256362 2.892406
3696 110.349769 3.003689
3697 99.331844 2.846317
3698 99.823681 2.838422
3699 97.060866 2.798885
3700 106.036704 2.932522
3701 91.640874 2.762007
3702 107.381772 2.985948
3703 94.624816 2.820584
3704 95.787908 2.854754
3705 94.508321 2.782087
3706 94.512358 2.805974
3707 93.910925 2.771559
3708 102.556232 2.897132
3709 118.275358 3.130551
3710 104.726658 2.943251
3711 104.435209 2.927040
3712 100.319891 2.836288
3713 101.790133 2.902294
3714 101.975540 2.907367
3715 88.283243 2.742970
3716 100.053917 2.891209
3717 99.142636 2.864845
3718 95.117934 2.781484
3719 96.579552 2.807175
3720 103.812795 2.940597
3721 86.846075 2.680791
3722 96.685269 2.833261
3723 108.333132 2.970124
3724 96.700347 2.779509
3725 107.502891 3.003341
3726 96.155404 2.831616
3727 105.081879 2.893433
3728 107.699268 2.912125
3729 89.993498 2.686216
3730 98.651874 2.861011
3731 98.119796 2.866624
3732 96.911333 2.861895
3733 92.116936 2.762384
3734 105.405360 2.920278
3735 114.174732 3.039888
3736 96.631099 2.810404
3737 92.344246 2.774845
3738 106.365561 2.985468
3739 99.730582 2.919532
3740 93.670122 2.847589
3741 111.229070 3.062312
3742 118.374934 3.099748
3743 89.528000 2.718370
3744 114.204736 3.096561
3745 97.664139 2.825895
3746 105.051932 2.971181
3747 116.963292 3.074699
3748 84.839214 2.661215
3749 115.503998 3.050589
3750 96.424269 2.820084
3751 109.274546 2.988190
3752 95.989551 2.826899
3753 103.358702 2.928455
3754 124.310056 3.220099
3755 120.106514 3.130898
3756 100.126682 2.976935
3757 91.480075 2.773648
3758 99.673043 2.890044
3759 98.686929 2.877336
3760 87.974137 2.690198
3761 115.089188 3.052451
3762 104.273102 2.939230
3763 90.128147 2.765196
3764 100.234703 2.892651
3765 94.737482 2.837430
3766 97.205226 2.849202
3767 112.389588 3.013025
3768 113.203323 3.029867
3769 100.300813 2.918911
3770 110.602445 3.034737
3771 97.001790 2.873017
3772 104.522774 2.977568
3773 91.913621 2.803245
3774 94.310631 2.814090
3775 114.963449 3.103453
3776 96.261112 2.857022
3777 115.328020 3.057839
3778 107.573923 2.960899
3779 119.788142 3.143056
3780 90.870685 2.780629
3781 101.947995 2.933932
3782 94.222793 2.802441
3783 115.544036 3.131272
3784 96.689783 2.845807
3785 112.928250 3.038568
3786 115.052544 3.114156
3787 115.284410 3.051741
3788 123.218818 3.200254
3789 112.995999 3.050539
3790 121.344805 3.227314
3791 118.064451 3.115380
3792 95.375945 2.835209
3793 94.113014 2.798472
3794 115.676028 3.077793
3795 115.478910 3.159805
3796 125.601595 3.268893
3797 109.725769 3.027380
3798 115.070715 3.070898
3799 96.809538 2.883502
3800 96.245231 2.850766
3801 103.318984 2.961447
3802 93.782123 2.801460
3803 96.579757 2.845237
3804 116.596413 3.117102
3805 93.490934 2.863264
3806 100.027406 2.972829
3807 95.540988 2.835836
3808 116.810834 3.153375
3809 116.139806 3.128410
3810 116.020271 3.102971
3811 90.851301 2.751625
3812 103.858555 2.964366
3813 117.058837 3.088833
3814 116.817305 3.129871
3815 93.021073 2.827434
3816 123.338976 3.205965
3817 109.712510 3.019402
3818 116.461313 3.163733
3819 96.302236 2.864743
3820 112.217644 3.057015
3821 93.366855 2.852514
3822 120.477742 3.157622
3823 99.411112 2.920567
3824 115.107513 3.094455
3825 99.435390 2.873293
3826 118.873634 3.158773
3827 87.711107 2.710763
3828 102.499010 2.969865
3829 98.055937 2.888584
3830 119.643575 3.187736
3831 92.839858 2.795900
3832 104.958808 2.970341
3833 93.128617 2.890984
3834 115.955349 3.125737
3835 95.174057 2.869882
3836 98.773091 2.889079
3837 96.041991 2.882709
3838 114.259949 3.116011
3839 91.075741 2.909979
3840 93.783953 2.808622
3841 119.975482 3.201222
3842 119.994789 3.206049
3843 112.379759 3.079282
3844 123.826168 3.254089
3845 114.540584 3.092451
3846 114.140431 3.129403
3847 95.118381 2.874321
3848 112.883508 3.048906
3849 87.186695 2.725120
3850 111.001601 3.073376
3851 99.688467 2.913585
3852 119.934225 3.195772
3853 97.428655 2.912179
3854 99.610094 2.967461
3855 101.668348 2.969046
3856 110.383338 3.025835
3857 98.729764 2.899289
3858 119.555397 3.207053
3859 115.095456 3.125868
3860 118.519151 3.185011
3861 98.414950 2.892785
3862 116.605175 3.168632
3863 95.120841 2.849460
3864 116.001609 3.111794
3865 117.293044 3.135812
3866 116.326143 3.146135
3867 91.894015 2.819318
3868 121.798347 3.240338
3869 91.312413 2.804876
3870 122.697103 3.243985
3871 118.357092 3.218101
3872 94.288496 2.852006
3873 105.230985 3.039304
3874 117.110718 3.171825
3875 91.499024 2.792591
3876 102.520552 2.997426
3877 101.752060 3.013517
3878 119.849904 3.200201
3879 102.190019 2.958474
3880 113.955681 3.097071
3881 118.446023 3.193669
3882 131.600192 3.441095
3883 95.897922 2.920157
3884 96.242399 2.900413
3885 89.646929 2.755087
3886 112.194156 3.093866
3887 88.210562 2.765583
3888 122.373547 3.241919
3889 98.530044 2.936530
3890 93.560667 2.910784
3891 88.159998 2.759236
3892 122.242215 3.272299
3893 95.102958 2.934457
3894 95.396210 2.898967
3895 98.552775 2.957643
3896 119.808064 3.211824
3897 95.773712 3.058736
3898 95.369333 2.960646
3899 94.470251 2.935097
3900 122.818277 3.266562
3901 94.723865 2.869364
3902 104.621273 3.032162
3903 100.328261 2.967568
3904 96.173835 2.900218
3905 102.516314 3.002820
3906 113.723487 3.159557
3907 94.028423 2.923167
3908 107.998850 3.054822
3909 96.719675 2.904345
3910 110.916360 3.168014
3911 102.990011 2.987558
3912 120.953597 3.247998
3913 95.244258 2.869684
3914 93.364872 2.849779
3915 92.378368 2.849910
3916 91.037535 2.865837
3917 100.124422 2.983630
3918 119.472592 3.219926
3919 98.559148 2.928206
3920 123.553691 3.284894
3921 102.998095 2.988233
3922 97.377812 2.903370
3923 92.662922 2.885675
3924 118.495125 3.231088
3925 99.436138 2.998528
3926 94.511647 2.944838
3927 95.564576 2.916261
3928 117.067330 3.246321
3929 102.790242 2.992797
3930 114.686423 3.189629
3931 95.515134 2.885228
3932 125.592881 3.291312
3933 98.500567 2.940984
3934 105.091018 3.012673
3935 100.087937 3.034364
3936 102.340713 2.976574
3937 98.947379 2.974994
3938 93.506665 2.907951
3939 98.266962 2.946762
3940 124.903723 3.325200
3941 100.757774 3.000944
3942 109.266098 3.079252
3943 95.180281 2.898029
3944 93.057721 2.880345
3945 92.141916 2.847283
3946 95.805312 2.951302
3947 92.317754 2.876088
3948 119.130615 3.224179
3949 113.390709 3.170320
3950 100.076208 2.976978
3951 92.572944 2.858409
3952 100.273994 2.982467
3953 99.829241 2.954307
3954 101.798335 3.002392
3955 106.725122 3.079111
3956 125.318968 3.316242
3957 92.702111 2.841077
3958 97.565441 2.921635
3959 105.735100 3.032544
3960 124.064028 3.287257
3961 94.021831 2.899638
3962 125.663169 3.328103
3963 101.407292 3.011883
3964 111.269525 3.129915
3965 96.527069 2.950130
3966 96.879681 2.957832
3967 92.489366 2.891070
3968 99.735892 2.958979
3969 92.672616 2.918538
3970 100.603054 3.010895
3971 99.069443 2.976914
3972 123.010698 3.301621
3973 102.336180 3.025973
3974 92.064350 2.852453
3975 91.411991 2.879710
3976 122.112309 3.290784
3977 107.168561 3.108346
3978 107.476713 3.123404
3979 103.146995 3.070867
3980 94.583051 2.903945
3981 103.891700 3.074473
3982 102.752373 3.054052
3983 98.475498 3.000700
3984 102.075570 3.064986
3985 101.714904 3.037066
3986 108.733291 3.131858
3987 105.594845 3.082381
3988 98.771244 2.999054
3989 93.354336 2.912738
3990 99.048219 2.961633
3991 100.158711 2.997607
3992 95.105858 2.971743
3993 94.659940 2.937884
3994 94.659483 2.921742
3995 107.178141 3.137751
3996 109.166092 3.150653
3997 95.763909 2.959514
3998 94.492515 2.943068
3999 95.500421 2.968253
4000 100.366201 3.018927
4001 105.242511 3.064524
4002 106.039894 3.139405
4003 101.116418 3.048042
4004 126.384367 3.412829
4005 105.163763 3.063179
4006 96.286192 2.965139
4007 98.593080 2.952119
4008 117.557366 3.245886
4009 101.033691 3.001489
4010 102.450475 3.038902
4011 97.660338 2.979490
4012 102.441618 3.204012
4013 93.004188 2.949646
4014 108.450831 3.140302
4015 98.924276 3.028622
4016 95.677996 2.973974
4017 99.945039 3.001157
4018 99.789418 3.042162
4019 105.921815 3.102875
4020 97.540879 2.981047
4021 99.790541 3.023339
4022 102.422647 3.051051
4023 98.082274 3.012659
4024 103.246175 3.100506
4025 111.076254 3.224650
4026 111.479313 3.183330
4027 98.905810 3.042148
4028 97.077858 2.992477
4029 95.959229 2.979774
4030 97.952472 3.017488
4031 106.338942 3.131584
4032 106.990482 3.130106
4033 105.553944 3.123257
4034 96.858463 2.978825
4035 109.911334 3.188551
4036 94.798024 3.007795
4037 99.688859 3.023466
4038 100.859126 3.038263
4039 98.659329 3.012440
4040 126.969120 3.401614
4041 109.490507 3.147906
4042 114.952277 3.287408
4043 103.309932 3.088094
4044 108.509690 3.182796
4045 106.312259 3.154991
4046 97.086707 2.991455
4047 101.176002 3.049350
4048 108.711676 3.153394
4049 101.096703 3.101521
4050 102.232558 3.073740
4051 99.310915 3.021553
4052 105.062075 3.113432
4053 101.526368 3.073619
4054 124.439254 3.411358
4055 93.952371 2.968095
4056 103.589658 3.087675
4057 124.280506 3.377229
4058 111.466609 3.215281
4059 111.836525 3.226143
4060 98.891724 3.065843
4061 100.644152 3.087467
4062 103.814139 3.143778
4063 104.042575 3.098196
4064 99.217895 3.027054
4065 105.094085 3.137249
4066 101.884105 3.134724
4067 96.966955 2.990100
4068 100.323996 3.082269
4069 108.066943 3.174650
4070 96.585236 2.977516
4071 103.914365 3.135401
4072 99.270682 3.063803
4073 106.716624 3.166039
4074 103.676429 3.121775
4075 105.178989 3.171351
4076 102.860819 3.117805
4077 109.861656 3.223074
4078 120.468853 3.353266
4079 104.025196 3.135749
4080 104.116704 3.152250
4081 102.441711 3.124246
4082 105.875193 3.171115
4083 108.482148 3.206007
4084 123.395008 3.396202
4085 106.225237 3.198699
4086 114.458155 3.268879
4087 103.779189 3.182820
4088 103.170266 3.139436
4089 109.785920 3.235609
4090 105.676532 3.163368
4091 104.285984 3.108041
4092 94.068835 2.982057
4093 100.373120 3.104313
4094 104.281957 3.121213
4095 115.628462 3.312907
4096 114.604861 3.384386
4097 128.146343 3.491664
4098 149.506921 3.754718
4099 155.109628 3.848294
4100 173.251791 4.199228
4101 180.403509 4.221991
4102 176.963883 4.156985
4103 147.863028 3.731816
4104 148.204902 3.795025
4105 170.125791 4.104601
4106 134.585457 3.548936
4107 150.721909 3.786142
4108 155.003657 3.797528
4109 156.462306 3.854758
4110 147.078961 3.753889
4111 141.255500 3.648636
4112 131.963160 3.600072
4113 149.035275 3.785188
4114 130.432670 3.573984
4115 146.477950 3.781774
4116 155.567552 3.972538
4117 136.121332 3.645626
4118 176.483143 4.181979
4119 155.562900 3.942233
4120 140.275781 3.710688
4121 177.933623 4.277618
4122 149.334592 3.938100
4123 169.828493 4.215726
4124 160.163841 4.058606
4125 177.185173 4.376048
4126 184.344605 4.373586
4127 170.312260 4.165480
4128 143.338721 3.896507
4129 177.337545 4.277461
4130 138.243794 3.756814
4131 167.027348 4.236552
4132 161.894709 4.099916
4133 164.454793 4.143413
4134 143.090789 3.911056
4135 190.791248 4.532396
4136 165.491205 4.220183
4137 140.191766 3.965088
4138 170.936845 4.303430
4139 163.448356 4.223446
4140 184.696793 4.441760
4141 178.062241 4.415838
4142 164.374365 4.238080
4143 177.134461 4.371011
4144 141.043836 3.889853
4145 177.385836 4.430583
4146 187.701762 4.631690
4147 178.028389 4.439844
4148 159.041790 4.172946
4149 155.808884 4.201231
4150 139.031903 3.984225
4151 157.585125 4.199131
4152 151.406297 4.134200
4153 186.972138 4.607410
4154 184.256779 4.577772
4155 151.396448 4.195493
4156 162.961298 4.368785
4157 155.977910 4.218782
4158 143.034620 4.021456
4159 181.018942 4.552236
4160 199.741353 4.900989
4161 183.336465 4.615998
4162 149.305648 4.134952
4163 150.253726 4.145480
4164 142.193761 4.015170
4165 152.236622 4.171226
4166 148.607662 4.141287
4167 149.647384 4.157020
4168 147.916059 4.101122
4169 151.383105 4.245410
4170 160.310258 4.313513
4171 156.416340 4.285314
4172 155.320675 4.262033
4173 144.706099 4.088388
4174 149.560756 4.169416
4175 179.021489 4.622171
4176 154.463232 4.201734
4177 175.219600 4.546765
4178 145.413177 4.076027
4179 152.071201 4.184123
4180 178.876529 4.620663
4181 142.947500 4.141453
4182 151.596331 4.208639
4183 141.314511 4.104191
4184 189.004733 4.762939
4185 203.694516 5.023923
4186 147.456525 4.192990
4187 144.277861 4.155929
4188 172.212438 4.525009
4189 152.335930 4.290337
4190 154.588686 4.345666
4191 153.907645 4.347512
4192 155.642893 4.340402
4193 185.305355 4.761799
4194 180.555153 4.686645
4195 146.525325 4.256417
4196 148.286730 4.237546
4197 180.651796 4.762389
4198 178.410304 4.654270
4199 154.505110 4.376077
4200 189.092105 4.838257
4201 151.327177 4.380691
4202 152.723822 4.430956
4203 158.273776 4.502956
4204 153.602905 4.421054
4205 154.185605 4.389199
4206 151.071708 4.353617
4207 156.130467 4.477223
4208 173.028135 4.742227
4209 183.127735 4.868965
4210 165.185638 4.640323
4211 168.732316 4.584695
4212 194.600086 5.096859
4213 181.332947 4.874842
4214 162.953877 4.572859
4215 167.284955 4.607649
4216 156.061269 4.505372
4217 176.220714 4.811946
4218 195.482652 5.111154
4219 188.172765 5.047840
4220 195.393438 5.126414
4221 156.781853 4.636874
4222 204.346518 5.245517
4223 166.235344 4.699146
4224 205.322360 5.251831
4225 165.444030 4.743411
4226 197.407547 5.201371
4227 181.669332 4.926953
4228 176.554369 4.804773
4229 192.941148 5.135255
4230 205.723241 5.275071
4231 169.128314 4.732987
4232 162.204652 4.704765
4233 162.243630 4.730195
4234 193.621871 5.103322
4235 167.297810 4.771432
4236 156.037967 4.649155
4237 156.062628 4.589161
4238 195.942546 5.246364
4239 208.994485 5.363395
4240 166.763949 4.816933
4241 205.864317 5.409928
4242 155.056211 4.601208
4243 198.307122 5.277666
4244 170.430272 4.794221
4245 179.786740 4.951567
4246 192.933171 5.190629
4247 157.898368 4.700934
4248 211.955880 5.490038
4249 164.953800 4.783669
4250 202.413769 5.341266
4251 200.126516 5.282708
4252 159.343963 4.692832
4253 199.674770 5.311492
4254 166.177253 4.879802
4255 198.765828 5.370058
4256 219.785703 5.679292
4257 164.134676 4.875302
4258 174.177642 4.918116
4259 169.462840 4.956799
4260 159.434404 4.818732
4261 163.807803 4.908777
4262 213.546220 5.549777
4263 208.946391 5.543671
4264 211.167138 5.630555
4265 214.707445 5.588939
4266 209.085148 5.576896
4267 170.740624 5.081391
4268 162.396678 4.852372
4269 190.507777 5.328777
4270 165.840103 5.033453
4271 171.920720 5.031298
4272 220.760863 5.817369
4273 208.042966 5.649197
4274 220.349106 5.882846
4275 171.676780 5.141579
4276 213.692236 5.726939
4277 204.173613 5.506810
4278 163.124593 4.970014
4279 163.583511 4.906738
4280 168.987736 5.114542
4281 214.653142 5.675227
4282 212.601173 5.701971
4283 172.132738 5.201080
4284 165.346966 5.037190
4285 199.469652 5.529891
4286 226.084395 6.008110
4287 211.410822 5.643305
4288 224.472570 6.012762
4289 224.809444 5.860737
4290 167.909044 5.176624
4291 166.858434 5.062981
4292 218.481404 5.885065
4293 205.121642 5.644501
4294 165.941579 5.101594
4295 221.908423 5.887651
4296 211.932526 5.736635
4297 209.930594 5.742865
4298 213.307654 5.727751
4299 207.956630 5.791185
4300 171.954881 5.248974
4301 222.357809 5.883399
4302 223.803753 5.871060
4303 172.988286 5.252334
4304 179.171300 5.388344
4305 164.927273 5.048919
4306 204.652571 5.719275
4307 215.185987 5.813580
4308 218.488570 6.082229
4309 222.529019 5.895712
4310 173.825257 5.350609
4311 220.260307 5.914447
4312 208.257975 5.702138
4313 175.727626 5.300916
4314 227.409575 6.090930
4315 219.958543 5.962610
4316 175.140347 5.384571
4317 208.274330 5.830219
4318 188.572157 5.617665
4319 207.018813 5.798452
4320 220.305057 5.987718
4321 173.707831 5.315240
4322 227.888869 6.243380
4323 171.414922 5.275642
4324 223.089604 6.123441
4325 216.825581 5.944150
4326 213.118557 5.986101
4327 227.028383 6.098024
4328 202.515321 5.755185
4329 215.939188 5.920538
4330 213.801261 5.947498
4331 179.580218 5.514678
4332 200.928082 5.739886
4333 227.044288 6.313560
4334 229.116572 6.282537
4335 233.215950 6.389493
4336 225.679564 6.175041
4337 175.702167 5.448214
4338 214.562247 6.092176
4339 218.305169 6.098890
4340 225.568774 6.277871
4341 220.081673 6.195342
4342 210.089603 5.943064
4343 229.116198 6.194025
4344 211.626008 6.109562
4345 217.069514 6.093472
4346 218.850416 6.228825
4347 233.295713 6.348410
4348 177.641669 5.516174
4349 239.740769 6.546501
4350 179.244812 5.705569
4351 236.915075 6.531346
4352 224.973789 6.160025
4353 235.849648 6.361186
4354 203.220097 6.000402
4355 231.651171 6.367291
4356 216.215939 6.104268
4357 236.949895 6.488818
4358 216.440794 6.274245
4359 190.294878 5.938192
4360 182.569407 5.748911
4361 221.540819 6.276847
4362 225.933046 6.268912
4363 234.619976 6.663758
4364 208.726758 6.159859
4365 235.032414 6.516610
4366 228.329990 6.424014
4367 191.699843 5.949644
4368 214.701228 6.088898
4369 233.534406 6.449491
4370 224.812773 6.294350
4371 224.958348 6.267213
4372 205.812512 5.955308
4373 223.248735 6.267354
4374 234.801627 6.431089
4375 231.074530 6.546654
4376 216.305122 6.149264
4377 220.426286 6.251013
4378 223.042519 6.275166
4379 231.755945 6.447911
4380 223.724468 6.364568
4381 227.242129 6.522206
4382 226.250543 6.411560
4383 197.895270 6.243956
4384 186.024869 5.842711
4385 219.857139 6.272818
4386 221.358596 6.294167
4387 236.439876 6.594975
4388 194.350610 5.986265
4389 229.200857 6.622776
4390 200.109092 6.287025
4391 234.635380 6.694034
4392 192.019408 6.071791
4393 187.433894 5.927739
4394 232.640286 6.580935
4395 228.525129 6.463764
4396 211.467143 6.269921
4397 186.955512 5.999887
4398 240.797131 6.919131
4399 188.833120 5.979337
4400 240.766454 6.852063
4401 224.080856 6.518612
4402 236.322390 6.781280
4403 188.997946 6.036421
4404 198.130653 6.233313
4405 196.709818 6.226869
4406 196.451113 6.294095
4407 195.633023 6.213821
4408 189.631935 5.986067
4409 191.612162 6.100624
4410 193.872635 6.264764
4411 240.341181 6.855588
4412 227.930708 6.652458
4413 192.476873 6.054366
4414 200.654819 6.336565
4415 198.967689 6.352344
4416 203.476986 6.234901
4417 230.036410 6.755785
4418 193.607345 6.253174
4419 194.670700 6.317752
4420 233.913441 6.699236
4421 191.671466 6.279881
4422 244.875146 7.093841
4423 198.853186 6.441142
4424 185.219437 6.014135
4425 209.827940 6.546912
4426 231.206468 6.965345
4427 200.439202 6.401860
4428 202.426081 6.551039
4429 189.858274 6.136631
4430 200.275691 6.437922
4431 235.848153 6.757130
4432 215.297983 6.490998
4433 250.335376 7.061775
4434 236.910744 6.796685
4435 197.193664 6.281560
4436 204.545441 6.473618
4437 205.360698 6.447385
4438 231.800837 6.785628
4439 197.902113 6.431916
4440 199.238393 6.350865
4441 198.345411 6.277589
4442 201.015253 6.409197
4443 202.985715 6.499916
4444 200.565187 6.443013
4445 204.443310 6.451698
4446 196.065829 6.267427
4447 196.701552 6.424136
4448 205.723238 6.531018
4449 203.160563 6.638587
4450 199.373286 6.631021
4451 190.949326 6.239150
4452 203.958892 6.505476
4453 199.331274 6.441135
4454 196.312394 6.521188
4455 210.695842 6.570742
4456 197.390138 6.311116
4457 245.625574 7.174960
4458 242.049596 7.050919
4459 197.944499 6.417223
4460 207.269959 6.717844
4461 245.479267 7.180825
4462 246.455083 7.143621
4463 197.698432 6.381602
4464 212.081178 6.756324
4465 245.645502 7.118986
4466 199.762548 6.640114
4467 211.387984 6.770606
4468 209.215318 6.770194
4469 208.931552 6.841246
4470 209.349921 6.849134
4471 236.653981 7.005241
4472 215.908672 6.974511
4473 212.984182 6.797545
4474 241.487206 7.089101
4475 208.761034 6.778601
4476 200.003509 6.631768
4477 231.464420 6.914868
4478 210.659586 6.907696
4479 212.018888 6.752791
4480 214.569391 6.947627
4481 209.080340 6.719561
4482 261.287049 7.445274
4483 218.147796 6.957853
4484 248.638946 7.293390
4485 209.805625 6.812569
4486 213.009133 6.829615
4487 244.055946 7.168933
4488 253.136860 7.402169
4489 199.712165 6.583364
4490 214.343893 6.840711
4491 212.263516 6.898446
4492 258.190962 7.599650
4493 214.452949 6.799188
4494 206.918892 6.868123
4495 224.048778 7.125800
4496 204.499098 6.806349
4497 218.168907 6.922446
4498 206.474601 6.770049
4499 220.925107 7.225168
4500 217.231776 6.957108
4501 224.443555 7.215168
4502 248.912750 7.516045
4503 219.695965 7.251881
4504 247.885912 7.366934
4505 223.042609 7.094903
4506 212.930142 6.817229
4507 216.028064 7.003539
4508 216.963150 7.180693
4509 208.447300 6.842142
4510 251.264699 7.523350
4511 237.243534 7.197392
4512 243.805426 7.354133
4513 224.032487 7.391331
4514 224.450415 7.324740
4515 231.847517 7.348863
4516 230.696996 7.499260
4517 220.534389 7.132564
4518 250.911024 7.565714
4519 230.597977 7.429237
4520 223.104866 7.261620
4521 213.629644 7.030890
4522 245.727048 7.522279
4523 219.224514 7.161711
4524 213.277848 7.116142
4525 222.175710 7.128645
4526 211.310693 7.191396
4527 222.565175 7.103699
4528 249.630338 7.488737
4529 221.906201 7.325084
4530 221.579020 7.418427
4531 222.711694 7.411347
4532 219.452131 7.228011
4533 226.356409 7.341365
4534 209.930529 7.058628
4535 229.752006 7.524946
4536 223.400495 7.301340
4537 222.951213 7.242915
4538 222.410010 7.304802
4539 214.567276 7.231188
4540 218.286325 7.235721
4541 229.437877 7.413245
4542 224.761614 7.317801
4543 220.237877 7.297639
4544 221.660426 7.446000
4545 272.921617 8.027281
4546 236.083293 7.533790
4547 216.063921 7.244236
4548 221.863350 7.170390
4549 225.531518 7.263062
4550 218.247477 7.233915
4551 217.210304 7.362824
4552 226.213032 7.361858
4553 239.805529 7.491430
4554 219.780151 7.267207
4555 225.503857 7.413440
4556 233.453689 7.765794
4557 225.447051 7.478062
4558 218.939581 7.265476
4559 221.241977 7.468738
4560 231.227720 7.539832
4561 214.284785 7.189041
4562 224.082383 7.568248
4563 231.019187 7.699431
4564 215.668609 7.209479
4565 239.648425 7.570175
4566 227.900360 7.646246
4567 231.940403 7.788937
4568 227.333544 7.675171
4569 235.141375 7.766165
4570 230.836937 7.729907
4571 222.145387 7.426307
4572 226.369920 7.516454
4573 233.392717 7.827000
4574 232.203492 7.585719
4575 230.753830 7.768916
4576 217.346304 7.338954
4577 225.271153 7.457349
4578 245.681006 7.960676
4579 225.945660 7.712353
4580 234.475604 7.758391
4581 226.933465 7.592910
4582 234.589283 7.956473
4583 233.478951 7.793190
4584 234.891850 7.631206
4585 230.384493 7.595747
4586 233.429342 7.757979
4587 224.512565 7.570387
4588 235.765744 7.880793
4589 234.316421 7.712899
4590 235.196619 7.647796
4591 231.810731 7.678544
4592 238.927736 7.977720
4593 233.369627 7.676478
4594 235.820586 7.963468
4595 240.626037 7.950790
4596 242.492289 8.193023
4597 231.259750 7.857665
4598 229.207392 7.610216
4599 227.205219 7.689618
4600 242.135305 8.134336
4601 279.404243 8.371917
4602 242.713406 8.146837
4603 244.104737 8.177350
4604 229.984767 7.725887
4605 232.260719 7.690930
4606 230.224737 7.682224
4607 238.679173 7.971990
4608 245.018334 8.123570
4609 230.018503 7.737945
4610 241.020953 8.066272
4611 237.857626 8.113861
4612 238.778278 7.873389
4613 240.455107 8.149448
4614 236.248313 7.856074
4615 233.651963 7.804485
4616 238.161488 8.101599
4617 235.685896 8.139547
4618 239.287471 7.919119
4619 235.960084 7.964741
4620 237.099781 8.043637
4621 248.325448 8.306335
4622 233.469476 8.021779
4623 231.653408 7.728726
4624 243.172552 8.207282
4625 237.428517 8.187581
4626 247.673791 8.337996
4627 243.019756 8.400050
4628 234.708707 7.888437
4629 233.557205 7.823003
4630 237.778039 7.957785
4631 238.607531 8.190784
4632 276.329470 8.735440
4633 241.165984 8.049866
4634 232.021850 7.801081
4635 242.363083 8.254645
4636 248.726897 8.351850
4637 239.850084 8.041842
4638 240.749944 8.232801
4639 251.045677 8.144398
4640 238.504656 8.112887
4641 243.271504 8.137927
4642 251.227383 8.441888
4643 254.701853 8.398968
4644 247.405727 8.389026
4645 239.025710 7.972783
4646 248.341785 8.413903
4647 242.231099 8.368306
4648 239.931572 8.002164
4649 242.461745 8.288768
4650 247.421366 8.435508
4651 235.763213 8.063944
4652 254.915540 8.478152
4653 249.333139 8.266222
4654 237.491527 8.038258
4655 249.672535 8.313801
4656 244.024952 8.348184
4657 244.832789 8.193353
4658 253.724063 8.648254
4659 238.556279 8.155661
4660 246.829388 8.489769
4661 256.670670 8.351199
4662 245.156795 8.250371
4663 250.955637 8.444355
4664 243.222114 8.502140
4665 242.538092 8.244355
4666 241.981477 8.257402
4667 251.024247 8.394256
4668 244.895614 8.282239
4669 243.112676 8.327532
4670 241.548509 8.313581
4671 245.868226 8.404544
4672 257.419398 8.676437
4673 248.209698 8.399852
4674 247.604406 8.429927
4675 248.355703 8.413988
4676 254.913952 8.765705
4677 241.432631 8.223162
4678 252.027355 8.644542
4679 244.450121 8.308275
4680 256.623362 8.838864
4681 253.179312 8.712751
4682 249.788213 8.431865
4683 251.231881 8.711040
4684 252.099274 8.631750
4685 253.826763 8.574340
4686 254.129960 8.783023
4687 243.642232 8.288622
4688 245.440098 8.566852
4689 260.894440 8.946994
4690 247.051683 8.522690
4691 245.770291 8.340793
4692 270.071864 8.986696
4693 264.689471 9.013727
4694 255.492406 8.612130
4695 250.148651 8.521316
4696 248.607198 8.524659
4697 259.113330 8.995618
4698 246.769045 8.468682
4699 254.296553 8.871556
4700 256.311566 8.624149
4701 250.557884 8.634404
4702 244.011027 8.451118
4703 252.605227 8.543215
4704 278.697191 9.134459
4705 257.451916 8.774214
4706 247.629189 8.574437
4707 243.086023 8.401241
4708 249.358071 8.595491
4709 250.671664 8.669320
4710 271.361625 9.151924
4711 270.868790 9.145795
4712 255.142789 8.870667
4713 251.540413 8.646032
4714 253.294014 8.673343
4715 246.066427 8.586817
4716 251.922800 8.595221
4717 264.416124 8.847654
4718 258.995227 8.848788
4719 261.287848 9.043901
4720 249.516043 8.619594
4721 249.447834 8.711708
4722 267.493961 9.286306
4723 263.314829 8.886139
4724 315.502337 9.884571
4725 263.179729 9.144902
4726 257.332249 8.823392
4727 262.075293 9.134788
4728 253.460330 8.775524
4729 250.947057 8.682428
4730 254.904476 8.797255
4731 260.100212 9.159795
4732 261.359686 9.193592
4733 260.079099 9.183992
4734 261.877534 9.250579
4735 258.201550 8.878374
4736 248.947364 8.667934
4737 262.706218 9.219099
4738 263.030032 8.971652
4739 293.225872 9.453859
4740 280.499229 9.253477
4741 263.121160 9.179869
4742 259.714621 9.205786
4743 252.408222 8.827301
4744 270.314509 9.440620
4745 265.505286 9.222737
4746 259.823425 8.865994
4747 261.915430 8.978328
4748 263.968548 9.246563
4749 262.156301 9.157155
4750 263.469314 9.123436
4751 259.237918 8.914633
4752 247.671969 8.765429
4753 253.865289 8.848966
4754 259.609382 8.989456
4755 264.970713 9.352590
4756 260.472319 8.960062
4757 268.013948 9.155308
4758 257.314655 8.954422
4759 262.641777 9.290969
4760 260.825134 8.953744
4761 324.899713 10.474451
4762 267.826806 9.199747
4763 274.531260 9.510545
4764 262.764369 9.073105
4765 275.629745 9.597992
4766 269.088526 9.437435
4767 261.915303 9.074740
4768 267.092658 9.246224
4769 270.541965 9.369582
4770 272.723550 9.390602
4771 270.241507 9.516173
4772 263.662392 9.055480
4773 326.380131 10.393216
4774 261.234195 9.083192
4775 264.694583 9.455444
4776 261.177865 9.051510
4777 267.394001 9.112778
4778 271.181794 9.371050
4779 257.160185 9.047099
4780 265.869599 9.182878
4781 275.919254 9.722173
4782 271.163809 9.649756
4783 267.917746 9.458803
4784 272.087720 9.492004
4785 268.711270 9.221479
4786 283.488767 9.421781
4787 267.794259 9.294359
4788 276.778515 9.691862
4789 319.302523 10.159662
4790 271.576006 9.422339
4791 320.082472 10.438526
4792 260.830206 9.253597
4793 263.863199 9.174053
4794 275.968283 9.778241
4795 270.242328 9.465129
4796 274.323386 9.502985
4797 267.774285 9.321227
4798 272.505541 9.413048
4799 316.061406 10.329690
4800 271.738923 9.497820
4801 276.840638 9.702023
4802 265.238227 9.289923
4803 270.106941 9.376440
4804 281.497895 9.563675
4805 272.378743 9.451160
4806 272.508390 9.467125
4807 269.680652 9.519459
4808 267.324103 9.680243
4809 277.030391 9.703382
4810 276.866116 9.799520
4811 271.964845 9.527595
4812 275.346255 9.884005
4813 269.885553 9.436195
4814 283.581161 9.883387
4815 280.923936 9.890304
4816 312.790478 9.973063
4817 273.458134 9.771451
4818 283.082061 9.988218
4819 264.754641 9.316671
4820 275.251761 9.491536
4821 265.971681 9.387081
4822 279.456089 9.838450
4823 275.559023 9.901294
4824 277.116756 9.779064
4825 271.143517 9.574593
4826 269.967326 9.459323
4827 271.065000 9.593865
4828 288.077362 10.189577
4829 285.289135 9.871349
4830 272.320197 9.565214
4831 272.002867 9.591437
4832 262.048820 9.441219
4833 271.247607 9.714142
4834 269.627591 9.549156
4835 276.144229 9.877427
4836 280.438071 9.744628
4837 274.750300 9.575848
4838 272.671858 9.627507
4839 279.600344 9.826557
4840 282.449774 10.059046
4841 296.177531 10.069753
4842 276.460329 9.779697
4843 280.891204 9.845537
4844 280.281151 9.816642
4845 276.546758 9.674203
4846 280.222542 9.913222
4847 285.591663 10.212863
4848 289.560065 10.434972
4849 286.979610 9.959395
4850 283.528346 10.000991
4851 285.573891 9.901690
4852 280.300157 9.803930
4853 280.471231 10.090163
4854 288.187077 10.250648
4855 338.988082 11.206635
4856 280.895279 9.889967
4857 286.092025 10.268058
4858 284.927214 10.211495
4859 286.459425 10.230828
4860 278.599355 9.806617
4861 274.372183 9.810633
4862 290.938944 10.394327
4863 296.484159 10.432238
4864 296.539427 10.498837
4865 291.185376 10.378915
4866 297.379127 10.623826
4867 287.654447 10.448622
4868 291.367827 10.304453
4869 294.174007 10.395468
4870 291.490956 10.187526
4871 285.073543 10.001341
4872 277.879190 9.811872
4873 291.612233 10.173611
4874 288.425031 10.092773
4875 285.394261 10.408903
4876 285.653641 10.019748
4877 279.565894 9.959214
4878 286.777856 10.014600
4879 284.558208 9.921982
4880 287.060184 10.302809
4881 296.552895 10.560956
4882 286.135064 10.452460
4883 291.415624 10.216606
4884 303.474211 10.416617
4885 280.781461 9.979741
4886 293.050296 10.218825
4887 290.283835 10.470792
4888 281.213183 10.015024
4889 286.675858 10.332410
4890 285.053089 10.109290
4891 288.680639 10.171096
4892 284.688380 10.152583
4893 282.153749 10.037104
4894 291.029942 10.566428
4895 291.617550 10.323363
4896 328.092401 10.780331
4897 298.473542 10.654989
4898 294.298794 10.359467
4899 292.099353 10.630308
4900 284.599460 10.210441
4901 286.877745 10.169504
4902 284.399597 10.305277
4903 294.259529 10.552267
4904 287.737465 10.205950
4905 341.933057 11.274170
4906 289.990642 10.291292
4907 299.433174 10.772824
4908 297.548844 10.432065
4909 309.554810 10.907194
4910 289.370012 10.250595
4911 293.811989 10.340245
4912 301.409441 10.790762
4913 303.246126 10.958749
4914 307.674197 10.681949
4915 294.681810 10.459737
4916 294.617822 10.535180
4917 299.809614 10.595613
4918 293.733069 10.438410
4919 299.477663 10.873826
4920 292.263257 10.687886
4921 300.826805 10.994688
4922 303.015867 10.840325
4923 305.291347 10.804343
4924 303.960895 11.000502
4925 302.572032 10.784399
4926 297.944629 10.736977
4927 294.347413 10.478734
4928 298.696683 10.769659
4929 306.550504 10.656907
4930 294.574289 10.509254
4931 308.557688 11.073450
4932 297.151035 10.798260
4933 296.689120 10.534409
4934 288.270677 10.475129
4935 291.156271 10.466644
4936 310.339423 11.060676
4937 295.930585 10.735669
4938 293.304378 10.512751
4939 313.407750 10.880637
4940 295.928128 10.872207
4941 294.049857 10.853269
4942 291.634704 10.467067
4943 293.565176 10.580008
4944 297.521175 10.733570
4945 302.510338 10.956831
4946 288.330362 10.464390
4947 295.080011 10.469206
4948 294.400339 10.573812
4949 296.199855 10.640741
4950 298.240233 10.622033
4951 303.164899 11.034527
4952 286.936572 10.339063
4953 298.220878 11.041869
4954 303.496906 10.839785
4955 298.052676 10.693324
4956 294.786716 10.622372
4957 299.690099 10.846786
4958 300.744343 10.900373
4959 298.878100 10.689563
4960 305.966553 10.735052
4961 294.787219 10.680452
4962 312.892850 11.292546
4963 311.898140 10.846491
4964 304.242242 10.805904
4965 306.014937 11.055442
4966 316.544715 11.043578
4967 310.690495 11.312184
4968 298.428326 10.681151
4969 304.066158 11.224484
4970 311.028503 11.163804
4971 307.006564 10.972395
4972 303.231595 10.860414
4973 306.647600 11.142411
4974 359.575370 11.854426
4975 305.292896 10.885806
4976 300.725657 10.750272
4977 299.752105 10.873929
4978 305.916756 11.046118
4979 320.185294 11.609257
4980 303.467571 10.885705
4981 302.851428 10.982118
4982 319.788512 11.672513
4983 312.770640 11.183422
4984 331.922028 11.866313
4985 303.966315 10.882997
4986 317.392277 11.596704
4987 316.478150 11.326725
4988 311.214275 11.455592
4989 300.801778 10.889422
4990 297.361210 10.789596
4991 316.742141 11.646839
4992 317.950552 11.164162
4993 313.263940 11.514823
4994 310.926969 11.209046
4995 330.613986 11.612259
4996 310.327942 11.240476
4997 311.992805 11.112192
4998 320.655982 11.475302
4999 307.696348 11.059166
5000 310.162608 11.197403
