2 0.013368
3 0.012855
4 0.012080
5 0.012824
6 0.014717
7 0.012165
8 0.013525
9 0.013620
10 0.013996
11 0.013172
12 0.013980
13 0.012939
14 0.012486
15 0.012893
16 0.012757
17 0.012530
18 0.012897
19 0.013085
20 0.013352
21 0.012258
22 0.013561
23 0.012781
24 0.012499
25 0.012484
26 0.677616
27 0.651425
28 0.515330
29 0.618713
30 0.546438
31 0.591402
32 0.632329
33 0.637560
34 0.533277
35 0.530696
36 0.629492
37 0.687264
38 0.696204
39 0.740869
40 0.649979
41 0.438437
42 0.572624
43 0.763545
44 0.619662
45 0.622078
46 0.604134
47 0.580889
48 1.198661
49 1.363962
50 2.229191
51 2.505926
52 2.709311
53 2.346567
54 2.461739
55 2.588615
56 2.404996
57 0.515074
58 2.399914
59 2.492203
60 2.565793
61 2.242372
62 2.264719
63 2.411448
64 2.341340
65 2.404700
66 2.342393
67 2.247311
68 2.513754
69 2.151567
70 2.069409
71 2.374365
72 2.505177
73 2.467554
74 2.523506
75 2.288731
76 2.335876
77 2.414661
78 2.551004
79 2.392050
80 2.439177
81 3.029620
82 3.555043
83 3.677983
84 3.354703
85 3.234554
86 3.678738
87 3.279742
88 3.406195
89 3.839619
90 0.641563
91 3.704837
92 3.636160
93 3.796259
94 3.569990
95 3.677674
96 1.246241
97 1.397231
98 3.647918
99 3.656963
100 1.661070
101 7.317855
102 7.554377
103 4.701049
104 0.903886
105 5.953901
106 7.577263
107 7.209562
108 7.623545
109 6.787174
110 7.157761
111 5.913265
112 0.173555
113 7.828060
114 5.800494
115 7.215257
116 7.391891
117 6.985893
118 0.167231
119 7.485607
120 7.617894
121 7.678448
122 1.385534
123 7.592754
124 6.969015
125 5.945066
126 6.391850
127 0.171286
128 7.774835
129 11.498313
130 11.553857
131 11.372114
132 10.838573
133 4.173898
134 7.476763
135 3.188100
136 11.089290
137 11.423467
138 11.951652
139 11.226884
140 11.748862
141 11.030831
142 11.643069
143 11.471095
144 10.438427
145 11.999205
146 6.289040
147 11.957545
148 6.661575
149 13.274217
150 12.651126
151 6.814541
152 11.523517
153 13.593235
154 13.630311
155 13.712793
156 4.746206
157 13.683219
158 12.043041
159 14.453736
160 14.531940
161 7.037390
162 14.019727
163 4.453993
164 13.507120
165 13.970919
166 10.758505
167 3.810693
168 13.540970
169 7.096030
170 13.930111
171 3.953700
172 14.511850
173 9.074409
174 12.229255
175 13.309899
176 5.652394
177 14.793324
178 12.318443
179 15.070449
180 14.949328
181 14.270523
182 6.612095
183 13.240894
184 15.407294
185 11.759516
186 7.687051
187 3.629945
188 14.748253
189 14.286467
190 15.553523
191 15.028968
192 6.834849
193 16.607829
194 16.401828
195 16.400721
196 16.901450
197 15.288245
198 13.001436
199 16.117560
200 16.227154
201 17.489472
202 14.094203
203 14.179342
204 12.194299
205 5.695199
206 5.455563
207 15.717364
208 4.871397
209 16.151571
210 18.814281
211 16.190042
212 10.335760
213 10.688850
214 18.871753
215 19.570611
216 4.700740
217 8.492379
218 12.098907
219 14.460227
220 10.210545
221 9.898449
222 19.102627
223 17.969392
224 15.813187
225 8.433679
226 13.307624
227 9.572217
228 3.800106
229 6.604064
230 17.145972
231 15.326916
232 10.724789
233 18.295240
234 16.989907
235 10.848445
236 16.734216
237 5.983090
238 19.536165
239 17.061929
240 9.597870
241 10.991447
242 10.191396
243 9.420646
244 20.527129
245 11.150948
246 17.904795
247 19.472791
248 15.460040
249 8.443951
250 17.477819
251 8.353319
252 11.854012
253 7.383027
254 20.925516
255 18.748588
256 17.902162
257 23.451105
258 23.849626
259 22.538992
260 25.636699
261 28.157115
262 27.985038
263 15.170850
264 17.246988
265 24.784749
266 15.401179
267 25.598509
268 25.854237
269 27.517814
270 14.689491
271 24.382705
272 26.171454
273 25.300921
274 22.621102
275 24.775582
276 25.669317
277 24.536762
278 13.107855
279 23.844889
280 27.627872
281 24.082783
282 26.343569
283 26.712730
284 26.421953
285 25.071452
286 17.844685
287 24.746007
288 26.309538
289 26.083383
290 27.962949
291 22.829829
292 25.472655
293 17.019126
294 23.541353
295 25.168259
296 30.401274
297 29.760875
298 23.182947
299 26.772715
300 29.609362
301 29.075758
302 27.976414
303 32.116901
304 30.096529
305 13.021250
306 29.089859
307 10.579594
308 25.589365
309 27.793195
310 30.718646
311 29.862983
312 22.831109
313 29.226684
314 26.343108
315 16.902459
316 33.530257
317 23.888918
318 31.275295
319 30.247853
320 26.021772
321 23.254930
322 29.396858
323 23.688840
324 29.835042
325 29.213055
326 28.393800
327 30.036523
328 29.059016
329 21.718867
330 27.704952
331 27.507241
332 29.320430
333 32.925452
334 29.998079
335 34.167123
336 26.832807
337 29.160502
338 32.959581
339 33.005610
340 28.147533
341 18.944246
342 26.712392
343 32.529634
344 32.291439
345 21.178488
346 30.191650
347 9.169546
348 27.992123
349 29.764474
350 18.940937
351 32.745624
352 30.266293
353 32.219526
354 14.698198
355 27.476124
356 30.390341
357 33.055588
358 32.229171
359 37.172082
360 17.480455
361 29.918285
362 35.309777
363 21.082337
364 29.327353
365 22.154703
366 31.999124
367 22.789228
368 30.596107
369 32.462037
370 34.824030
371 12.732787
372 34.182315
373 33.560769
374 30.876605
375 34.789513
376 25.575345
377 34.742790
378 23.596081
379 37.734889
380 18.808071
381 33.353198
382 25.760839
383 36.593689
384 34.492014
385 36.066494
386 32.802021
387 37.548644
388 36.188929
389 33.343255
390 36.337169
391 40.880736
392 12.539854
393 34.394724
394 24.395816
395 33.007454
396 38.621420
397 32.235799
398 31.816517
399 35.223246
400 37.570896
401 36.101570
402 38.375588
403 35.289943
404 40.758284
405 34.660965
406 10.364917
407 33.541685
408 38.268543
409 19.682764
410 35.087061
411 32.161764
412 36.032434
413 35.958254
414 10.975139
415 32.136922
416 32.860714
417 35.149707
418 29.705529
419 35.808436
420 31.595679
421 40.230410
422 39.544117
423 36.363405
424 42.157821
425 20.784822
426 39.925452
427 14.691514
428 40.614045
429 33.974458
430 38.613823
431 38.872318
432 15.558725
433 42.103146
434 45.635639
435 36.733785
436 44.647746
437 44.524509
438 18.144017
439 30.960233
440 40.789258
441 28.297189
442 18.807957
443 21.628349
444 26.417447
445 40.481422
446 43.661012
447 33.416897
448 43.783672
449 40.798181
450 40.452793
451 32.637917
452 42.455524
453 26.936417
454 33.681405
455 38.328463
456 19.562892
457 40.826574
458 32.530657
459 40.845736
460 26.340847
461 20.096819
462 28.577046
463 42.649732
464 29.819371
465 43.284830
466 43.005014
467 39.603283
468 46.072316
469 21.928554
470 19.443420
471 29.729082
472 42.274907
473 39.339599
474 21.981362
475 39.568704
476 44.142944
477 18.732672
478 13.196362
479 44.818943
480 42.801708
481 40.482662
482 24.236950
483 40.991867
484 39.606865
485 39.281065
486 47.474529
487 7.760101
488 41.679888
489 33.378229
490 42.521555
491 23.151069
492 35.494563
493 38.462779
494 43.150264
495 22.302478
496 39.695630
497 29.507379
498 41.590097
499 48.079614
500 30.081287
501 57.549950
502 51.451309
503 43.798814
504 48.124574
505 52.002611
506 31.323347
507 10.805392
508 53.229377
509 51.278984
510 53.600912
511 43.295255
512 21.671765
513 69.056383
514 68.733869
515 63.928059
516 69.898953
517 70.011502
518 69.805873
519 72.458495
520 46.913795
521 72.693758
522 71.098342
523 59.706855
524 51.054922
525 61.774284
526 79.219578
527 77.180861
528 58.329181
529 79.410484
530 47.583029
531 55.402126
532 78.139030
533 78.860364
534 79.270246
535 71.551335
536 44.714568
537 63.769947
538 66.110213
539 84.106078
540 87.821673
541 57.846278
542 54.414072
543 83.695909
544 89.712177
545 55.827080
546 54.676295
547 54.621592
548 72.129167
549 53.804640
550 65.495646
551 91.558212
552 68.628000
553 44.892022
554 96.346945
555 59.423683
556 74.591988
557 40.353470
558 77.904914
559 57.767638
560 98.578135
561 82.851404
562 105.516697
563 85.376696
564 97.429797
565 77.235185
566 54.155861
567 110.072535
568 51.545764
569 45.702028
570 107.312617
571 76.572716
572 105.187416
573 39.639156
574 100.708116
575 113.905732
576 50.921346
577 99.670956
578 40.546551
579 118.656052
580 99.315227
581 44.706246
582 86.359936
583 112.186908
584 111.468084
585 79.550383
586 38.156914
587 85.057584
588 50.267024
589 121.453348
590 57.956742
591 58.853795
592 68.616339
593 93.109341
594 64.893598
595 41.357404
596 46.469717
597 41.155427
598 60.214785
599 57.628136
600 90.950176
601 107.593685
602 60.145384
603 62.488719
604 73.463989
605 96.824764
606 48.869618
607 117.633783
608 121.841186
609 38.085873
610 136.984835
611 137.769959
612 68.849079
613 63.449932
614 33.234737
615 111.256666
616 71.781824
617 62.837208
618 84.802044
619 78.334366
620 60.057345
621 93.322176
622 51.916411
623 73.248709
624 65.645384
625 36.956312
626 150.238102
627 127.516662
628 53.616421
629 130.695219
630 91.828723
631 90.227231
632 58.628280
633 50.388478
634 35.630925
635 126.497399
636 50.522370
637 117.486260
638 62.377654
639 67.480304
640 41.671180
641 89.331269
642 65.988875
643 69.165038
644 103.713559
645 114.776452
646 69.539597
647 161.651712
648 66.669535
649 163.591314
650 58.857243
651 44.196668
652 105.661758
653 70.829414
654 69.900343
655 107.585404
656 129.893554
657 157.800907
658 65.518321
659 86.586497
660 122.378747
661 93.586027
662 47.958086
663 39.672383
664 44.792964
665 125.871810
666 97.408167
667 115.337363
668 150.217708
669 30.631777
670 49.980183
671 178.675366
672 72.074222
673 103.186308
674 92.565841
675 59.882464
676 174.076562
677 178.226741
678 46.551821
679 49.072237
680 47.975346
681 100.754523
682 115.135156
683 183.266877
684 52.853888
685 41.240262
686 188.298986
687 93.301809
688 196.243553
689 116.809028
690 72.139574
691 41.918055
692 47.044688
693 187.493947
694 171.216705
695 57.888415
696 48.688465
697 43.079564
698 99.736869
699 98.210019
700 70.022659
701 175.834923
702 143.375567
703 113.057231
704 45.812540
705 50.594563
706 48.600087
707 50.799545
708 43.255619
709 139.897887
710 47.409239
711 90.600164
712 100.966582
713 45.111492
714 53.897841
715 109.611067
716 54.676384
717 49.362424
718 51.799991
719 77.569590
720 97.590366
721 49.301898
722 152.464324
723 72.976890
724 121.792273
725 44.658896
726 53.438199
727 99.609074
728 55.273081
729 49.637407
730 46.497289
731 134.107600
732 48.537252
733 55.657119
734 202.361091
735 144.405946
736 219.407148
737 102.865368
738 61.866103
739 52.284486
740 29.749937
741 50.757561
742 140.935704
743 127.786894
744 72.816142
745 51.051924
746 53.612613
747 44.872364
748 142.225596
749 177.238715
750 203.032672
751 55.553970
752 38.109025
753 75.890377
754 48.021507
755 40.949666
756 54.520941
757 46.948509
758 56.805649
759 175.142771
760 40.763083
761 238.524631
762 223.845657
763 48.073056
764 33.335732
765 50.937855
766 53.232905
767 46.700603
768 46.507349
769 55.320303
770 47.661672
771 51.790826
772 45.508778
773 41.221104
774 41.326087
775 53.397095
776 59.976094
777 47.338067
778 43.741951
779 51.247775
780 54.359650
781 55.404647
782 52.474394
783 51.429496
784 49.141759
785 45.593142
786 44.214963
787 45.551168
788 57.499474
789 38.043802
790 139.954461
791 49.788419
792 53.096593
793 148.330094
794 60.839867
795 65.697076
796 26.915095
797 86.715719
798 102.989578
799 91.716649
800 35.102117
801 238.269199
802 54.417914
803 47.154380
804 54.842848
805 40.495267
806 59.164514
807 63.182778
808 46.250862
809 271.430423
810 180.042730
811 63.609826
812 246.180256
813 61.948154
814 44.247595
815 47.074249
816 281.589166
817 93.826879
818 77.965701
819 46.293988
820 50.474177
821 42.284908
822 66.389882
823 49.161566
824 50.139122
825 62.773554
826 43.282968
827 54.550228
828 47.110799
829 52.961146
830 48.080730
831 64.344144
832 34.828333
833 61.581511
834 36.314223
835 56.327923
836 44.521025
837 42.435299
838 68.300845
839 49.402516
840 48.199058
841 52.270503
842 42.968330
843 48.888544
844 65.456366
845 281.328996
846 124.685643
847 67.705717
848 65.944354
849 54.320892
850 48.773767
851 45.817773
852 53.019800
853 72.061620
854 40.563136
855 44.759490
856 65.935220
857 54.265164
858 36.634411
859 71.335543
860 62.122265
861 44.348138
862 313.466817
863 104.176323
864 60.260109
865 45.067774
866 89.486147
867 33.947510
868 70.179979
869 45.871414
870 45.875292
871 60.222103
872 61.662638
873 68.056959
874 51.499325
875 40.195236
876 40.998549
877 44.848653
878 56.251670
879 51.301737
880 48.676554
881 40.864282
882 68.081607
883 93.168035
884 58.318607
885 57.637555
886 49.070189
887 56.907412
888 54.750720
889 49.362296
890 47.295455
891 45.746013
892 72.189057
893 46.903006
894 58.444083
895 62.374107
896 61.641978
897 67.618894
898 69.865531
899 52.219727
900 43.118811
901 52.576164
902 46.303569
903 52.691387
904 68.700041
905 62.489615
906 52.426563
907 69.592740
908 48.875241
909 249.550696
910 55.758403
911 56.831921
912 64.090693
913 92.866690
914 263.516597
915 75.600247
916 78.411559
917 65.852924
918 54.378973
919 58.845439
920 66.353099
921 62.636364
922 46.802497
923 96.643535
924 48.573630
925 53.413115
926 32.731447
927 66.711446
928 49.297577
929 52.584370
930 70.437886
931 61.738727
932 69.956162
933 77.328780
934 80.021705
935 59.779410
936 58.345608
937 69.003712
938 54.749884
939 76.650539
940 76.578573
941 72.850692
942 73.577309
943 83.227553
944 65.528777
945 37.151381
946 53.952427
947 59.454380
948 65.589546
949 53.797812
950 37.353216
951 63.245228
952 49.145573
953 57.798692
954 49.719918
955 80.059926
956 54.045740
957 67.274849
958 71.261507
959 100.948087
960 200.466892
961 72.116040
962 66.092881
963 72.636032
964 78.272337
965 56.481226
966 53.700394
967 52.289379
968 66.896678
969 54.588987
970 77.839242
971 56.968357
972 57.993394
973 53.753766
974 68.183075
975 67.060702
976 350.336436
977 62.190353
978 54.879050
979 84.285835
980 52.286913
981 60.221499
982 53.214042
983 70.253903
984 67.782956
985 54.127531
986 76.120337
987 85.114949
988 59.218179
989 60.340890
990 84.157399
991 60.103005
992 48.005768
993 66.993048
994 49.002059
995 46.782540
996 62.469903
997 34.597239
998 63.382245
999 57.170957
1000 81.310543
1001 58.457466
1002 77.456364
1003 61.472084
1004 53.357394
1005 68.303152
1006 68.764136
1007 38.059479
1008 56.494138
1009 84.152333
1010 69.620745
1011 48.683183
1012 77.638751
1013 69.421327
1014 77.686833
1015 59.879792
1016 70.230500
1017 52.995890
1018 53.520509
1019 63.693525
1020 63.394920
1021 88.626448
1022 76.164609
1023 68.047125
1024 71.347161
1025 101.056585
1026 87.845130
1027 110.670908
1028 114.966757
1029 111.078572
1030 106.020610
1031 103.649835
1032 100.446374
1033 96.293313
1034 125.791025
1035 98.022931
1036 76.457953
1037 127.920679
1038 117.187235
1039 82.970921
1040 96.378287
1041 105.481954
1042 88.341778
1043 118.794962
1044 103.066791
1045 107.602518
1046 115.530210
1047 98.223369
1048 94.401202
1049 120.287949
1050 104.662459
1051 96.149387
1052 113.587084
1053 97.812055
1054 95.870963
1055 102.249049
1056 95.005164
1057 96.852842
1058 95.616579
1059 103.939365
1060 96.812543
1061 111.773325
1062 76.308539
1063 119.632373
1064 103.928420
1065 111.910270
1066 123.097591
1067 78.049321
1068 110.005116
1069 105.141531
1070 118.266618
1071 124.919753
1072 119.879481
1073 107.633154
1074 127.431143
1075 106.599125
1076 93.236493
1077 124.343738
1078 105.015906
1079 103.268657
1080 96.673499
1081 107.121083
1082 93.966858
1083 99.813856
1084 129.360702
1085 104.846218
1086 107.860007
1087 116.504613
1088 124.045546
1089 103.434773
1090 112.850373
1091 87.087236
1092 103.869182
1093 119.693025
1094 99.558981
1095 128.207833
1096 88.405362
1097 90.371390
1098 93.194979
1099 108.556450
1100 92.669410
1101 110.391067
1102 110.014106
1103 99.822929
1104 110.300396
1105 130.801369
1106 127.638489
1107 95.584719
1108 126.982519
1109 121.317205
1110 116.820329
1111 120.088975
1112 102.748213
1113 103.242336
1114 114.225605
1115 105.491048
1116 107.208472
1117 114.157389
1118 92.320776
1119 108.556567
1120 129.820774
1121 112.256382
1122 111.740654
1123 108.011168
1124 118.124591
1125 95.201681
1126 134.836532
1127 124.217695
1128 133.679458
1129 130.096250
1130 96.975145
1131 123.280519
1132 95.767051
1133 103.752408
1134 106.811560
1135 90.403097
1136 171.460696
1137 105.438960
1138 120.416628
1139 107.604683
1140 109.215784
1141 77.239194
1142 122.067312
1143 133.053369
1144 133.481090
1145 112.471162
1146 114.820846
1147 107.597498
1148 112.969884
1149 114.987285
1150 129.153094
1151 116.578270
1152 96.378196
1153 119.794076
1154 94.032633
1155 115.454062
1156 125.493620
1157 116.936644
1158 120.972346
1159 112.344785
1160 81.887015
1161 111.493450
1162 97.839974
1163 133.986786
1164 108.410199
1165 109.294383
1166 104.368599
1167 135.811363
1168 118.173667
1169 106.897027
1170 115.175234
1171 115.707523
1172 91.676016
1173 111.131758
1174 123.345476
1175 118.530161
1176 98.792498
1177 115.970589
1178 123.305728
1179 109.987134
1180 105.790785
1181 130.970090
1182 101.199369
1183 105.612867
1184 118.038474
1185 103.032793
1186 119.057717
1187 119.473338
1188 109.648953
1189 111.354500
1190 144.301093
1191 123.467008
1192 107.964008
1193 125.838835
1194 98.725000
1195 128.078194
1196 120.974863
1197 123.178273
1198 117.626855
1199 119.088477
1200 98.032209
1201 135.185040
1202 116.272716
1203 120.469421
1204 116.233009
1205 106.222969
1206 119.424544
1207 136.903655
1208 126.909562
1209 110.187829
1210 124.904684
1211 135.342057
1212 134.969955
1213 126.967702
1214 115.801198
1215 134.305453
1216 128.910340
1217 144.042458
1218 121.598456
1219 135.815067
1220 99.369963
1221 132.684637
1222 98.552831
1223 129.923237
1224 143.006116
1225 106.525698
1226 109.658771
1227 112.079794
1228 136.822645
1229 139.901530
1230 103.598955
1231 126.346991
1232 113.874979
1233 115.826043
1234 120.564009
1235 122.997680
1236 110.604815
1237 155.892656
1238 119.848477
1239 129.383943
1240 143.836180
1241 122.916188
1242 130.715437
1243 123.403490
1244 138.939510
1245 137.262222
1246 140.353655
1247 155.687136
1248 137.789714
1249 144.781726
1250 110.664236
1251 146.068251
1252 142.381231
1253 101.853209
1254 130.286724
1255 129.566587
1256 170.680175
1257 137.756364
1258 138.752345
1259 146.705035
1260 133.470889
1261 101.493071
1262 124.553862
1263 137.637725
1264 132.116516
1265 100.725629
1266 120.776594
1267 148.209464
1268 121.390430
1269 103.793814
1270 136.862359
1271 105.522781
1272 142.950454
1273 153.246373
1274 131.556020
1275 140.887070
1276 128.508936
1277 143.370358
1278 111.915337
1279 137.847834
1280 116.600164
1281 116.739104
1282 131.353901
1283 142.440504
1284 143.241295
1285 158.480269
1286 108.768170
1287 153.880536
1288 139.797403
1289 115.486844
1290 126.423840
1291 155.988322
1292 203.275647
1293 376.275534
1294 163.945567
1295 147.650429
1296 119.027325
1297 139.495586
1298 158.507190
1299 137.777425
1300 154.068900
1301 141.361902
1302 143.141878
1303 122.598161
1304 126.805179
1305 150.108409
1306 150.584838
1307 106.180315
1308 137.541832
1309 127.309888
1310 147.128605
1311 132.394671
1312 143.121020
1313 154.858199
1314 140.009316
1315 129.509518
1316 131.325531
1317 146.777717
1318 129.097309
1319 129.671850
1320 132.438849
1321 161.833362
1322 151.532006
1323 149.896947
1324 131.477209
1325 107.679556
1326 135.637072
1327 130.670132
1328 128.839792
1329 146.175265
1330 153.430716
1331 132.029545
1332 138.596130
1333 134.975185
1334 152.888818
1335 141.196501
1336 129.491397
1337 114.300699
1338 111.567732
1339 146.665796
1340 140.141467
1341 131.806056
1342 137.943547
1343 126.656277
1344 125.617198
1345 145.377658
1346 160.096719
1347 133.504727
1348 150.784015
1349 121.979638
1350 148.418278
1351 131.907440
1352 133.596914
1353 108.248296
1354 127.260312
1355 125.585493
1356 141.365320
1357 129.785048
1358 122.058482
1359 129.249932
1360 134.694806
1361 164.010517
1362 162.456546
1363 150.635203
1364 165.183717
1365 161.093450
1366 130.313307
1367 121.790707
1368 154.945262
1369 115.576756
1370 121.001848
1371 127.976954
1372 149.916165
1373 142.950405
1374 137.439684
1375 142.716047
1376 148.495743
1377 146.613486
1378 151.259853
1379 153.301667
1380 128.309272
1381 139.215735
1382 135.542769
1383 137.695948
1384 115.475974
1385 143.904302
1386 138.310305
1387 163.265943
1388 165.955287
1389 136.445865
1390 157.093415
1391 173.019854
1392 151.393297
1393 169.473766
1394 148.906475
1395 147.455814
1396 141.443421
1397 130.712957
1398 153.436188
1399 141.936746
1400 149.324438
1401 161.792016
1402 139.912363
1403 132.171285
1404 150.703203
1405 135.700518
1406 136.349058
1407 153.905272
1408 144.858083
1409 134.859171
1410 174.185745
1411 133.494375
1412 137.077521
1413 119.544489
1414 149.584032
1415 143.718820
1416 170.662473
1417 156.929628
1418 154.398388
1419 150.793228
1420 148.517282
1421 156.876970
1422 154.242622
1423 140.108314
1424 167.004084
1425 122.156846
1426 133.350167
1427 145.424775
1428 166.463948
1429 163.252833
1430 156.446503
1431 132.934170
1432 173.548843
1433 117.985525
1434 162.015535
1435 137.907305
1436 155.273928
1437 132.322065
1438 152.685031
1439 168.485659
1440 166.893491
1441 144.405952
1442 140.690108
1443 134.588497
1444 130.287780
1445 140.568855
1446 130.431772
1447 163.938041
1448 144.452341
1449 119.252628
1450 140.533792
1451 144.126839
1452 134.778678
1453 148.153552
1454 167.811301
1455 153.668079
1456 134.893145
1457 128.734713
1458 150.673277
1459 159.091451
1460 157.300862
1461 144.109240
1462 151.848600
1463 167.873100
1464 158.875644
1465 137.287653
1466 151.607861
1467 136.873738
1468 163.732802
1469 171.604891
1470 143.588211
1471 153.274967
1472 177.834643
1473 174.029892
1474 159.099386
1475 149.722511
1476 180.721218
1477 150.173355
1478 152.506659
1479 176.601068
1480 156.310158
1481 166.041567
1482 136.845090
1483 146.553652
1484 143.946298
1485 166.313572
1486 153.255352
1487 174.722135
1488 144.190820
1489 151.136715
1490 167.736444
1491 152.130985
1492 169.389278
1493 162.721513
1494 153.237748
1495 150.947430
1496 145.918670
1497 149.850499
1498 170.780252
1499 150.536633
1500 150.695072
1501 160.706891
1502 156.233274
1503 163.172579
1504 155.096360
1505 168.364412
1506 162.023427
1507 171.300136
1508 141.680087
1509 195.252979
1510 171.516861
1511 156.799056
1512 155.492179
1513 141.476280
1514 152.617184
1515 134.525350
1516 165.071099
1517 155.420335
1518 146.055283
1519 145.344249
1520 152.970246
1521 138.053554
1522 157.057837
1523 161.419967
1524 177.058259
1525 183.488564
1526 155.129849
1527 156.382452
1528 145.579240
1529 141.677297
1530 181.702982
1531 138.898154
1532 166.796903
1533 145.374617
1534 170.193911
1535 159.106363
1536 160.427705
1537 112.941943
1538 168.181619
1539 169.542980
1540 165.306193
1541 165.467035
1542 183.248181
1543 141.266561
1544 177.058813
1545 174.557078
1546 145.380135
1547 158.684131
1548 171.029315
1549 185.347647
1550 165.107788
1551 179.486497
1552 152.768417
1553 156.194581
1554 178.959454
1555 154.120976
1556 174.974127
1557 150.833553
1558 163.921396
1559 156.748721
1560 192.065022
1561 175.889278
1562 160.622022
1563 167.558473
1564 159.449215
1565 144.690438
1566 178.792618
1567 173.844108
1568 168.217845
1569 156.168910
1570 158.438659
1571 151.857962
1572 181.220038
1573 154.990258
1574 154.124484
1575 157.696013
1576 163.623473
1577 140.301020
1578 168.709719
1579 152.375313
1580 177.180922
1581 172.802424
1582 152.689908
1583 161.886243
1584 174.074205
1585 156.415445
1586 176.769131
1587 156.157599
1588 168.745612
1589 169.104277
1590 164.319764
1591 139.978791
1592 152.064473
1593 177.763528
1594 144.922550
1595 169.203649
1596 205.971572
1597 182.245746
1598 156.227749
1599 166.676056
1600 190.354055
1601 173.525649
1602 172.479122
1603 168.022581
1604 183.469757
1605 131.219412
1606 151.647270
1607 158.060508
1608 165.397041
1609 144.618360
1610 168.309010
1611 181.061005
1612 185.149560
1613 165.362965
1614 176.088719
1615 159.205761
1616 178.540988
1617 181.640980
1618 188.105924
1619 159.923406
1620 175.790041
1621 165.510448
1622 155.802595
1623 150.858624
1624 157.807126
1625 167.864167
1626 184.003968
1627 171.063926
1628 171.921623
1629 166.040670
1630 150.227327
1631 175.656962
1632 195.140133
1633 194.838240
1634 186.490714
1635 170.144267
1636 166.322933
1637 162.299472
1638 186.250511
1639 184.522857
1640 172.557785
1641 166.854115
1642 156.419559
1643 161.911087
1644 179.918641
1645 154.960784
1646 163.018534
1647 168.406526
1648 176.891516
1649 168.826320
1650 192.451690
1651 167.468360
1652 194.561673
1653 159.540018
1654 180.819265
1655 190.852766
1656 177.131446
1657 194.724443
1658 180.855212
1659 161.568360
1660 188.246011
1661 168.036963
1662 170.471890
1663 145.907078
1664 170.295890
1665 176.804122
1666 182.935600
1667 161.921344
1668 200.566427
1669 168.068943
1670 183.542494
1671 171.130087
1672 161.458481
1673 146.396138
1674 177.160383
1675 193.205368
1676 188.596729
1677 187.491221
1678 184.791061
1679 164.958159
1680 206.924096
1681 181.071377
1682 175.737580
1683 177.352124
1684 175.941790
1685 182.102049
1686 189.439055
1687 189.139949
1688 188.325966
1689 158.814312
1690 158.270841
1691 161.439610
1692 263.383669
1693 167.158669
1694 164.310591
1695 160.404603
1696 181.076975
1697 172.396224
1698 167.098556
1699 165.342836
1700 172.109325
1701 165.091051
1702 165.852816
1703 166.066793
1704 194.661573
1705 168.191421
1706 171.614064
1707 180.753348
1708 200.162496
1709 174.506534
1710 189.165968
1711 186.509836
1712 169.292605
1713 170.799040
1714 167.773835
1715 181.466319
1716 172.290144
1717 174.155546
1718 181.066151
1719 189.741019
1720 174.521213
1721 196.784556
1722 212.360516
1723 176.019956
1724 170.981508
1725 207.193833
1726 210.280888
1727 166.819099
1728 227.756375
1729 194.393890
1730 200.745512
1731 211.527670
1732 184.471455
1733 192.731831
1734 197.427415
1735 192.424425
1736 196.157524
1737 150.242892
1738 214.132006
1739 201.727145
1740 194.122389
1741 186.195075
1742 194.752011
1743 170.150433
1744 209.453022
1745 173.643481
1746 189.872634
1747 158.434300
1748 198.020167
1749 179.893391
1750 172.617901
1751 185.674165
1752 188.072714
1753 192.526797
1754 189.895234
1755 174.572948
1756 172.175523
1757 173.238181
1758 212.761783
1759 190.810380
1760 191.820545
1761 173.420328
1762 177.663539
1763 168.671779
1764 169.692516
1765 172.308687
1766 197.791834
1767 172.116928
1768 191.200068
1769 175.624120
1770 194.921391
1771 208.789272
1772 163.906894
1773 177.524326
1774 164.438624
1775 186.172028
1776 187.945236
1777 202.340406
1778 155.934126
1779 185.503728
1780 213.537807
1781 206.594461
1782 209.306785
1783 178.718459
1784 210.595980
1785 184.178697
1786 190.981018
1787 194.174176
1788 207.489224
1789 173.788110
1790 207.214547
1791 207.479945
1792 218.159361
1793 168.728672
1794 199.316446
1795 181.880049
1796 198.305353
1797 189.486536
1798 209.749659
1799 188.406617
1800 198.804989
1801 190.909810
1802 197.927075
1803 204.591888
1804 213.127594
1805 198.120705
1806 190.358153
1807 182.531193
1808 214.762510
1809 197.660298
1810 179.701040
1811 213.485587
1812 207.886841
1813 189.716733
1814 172.112407
1815 182.602022
1816 188.747527
1817 216.256076
1818 178.035253
1819 179.832172
1820 191.455385
1821 180.363924
1822 187.931067
1823 174.619212
1824 195.327905
1825 156.826892
1826 197.035342
1827 190.962919
1828 214.918224
1829 185.767946
1830 187.636343
1831 207.611610
1832 200.159841
1833 165.055149
1834 181.932192
1835 216.755080
1836 174.131615
1837 189.544768
1838 186.114599
1839 212.642306
1840 188.405835
1841 182.055428
1842 206.286248
1843 184.220051
1844 216.116538
1845 223.618058
1846 229.626472
1847 201.511618
1848 218.071920
1849 179.590413
1850 226.480721
1851 188.257576
1852 215.873657
1853 187.601953
1854 181.628107
1855 197.513276
1856 196.658133
1857 181.721996
1858 227.870141
1859 204.704148
1860 221.079068
1861 227.126949
1862 192.359528
1863 173.040703
1864 205.992982
1865 204.861464
1866 220.007710
1867 195.472064
1868 193.757131
1869 187.589720
1870 158.228269
1871 199.562495
1872 207.325036
1873 190.177153
1874 195.729564
1875 201.143547
1876 196.324247
1877 194.322849
1878 206.183452
1879 169.130570
1880 195.549459
1881 217.034999
1882 207.694601
1883 175.479777
1884 208.345496
1885 196.972820
1886 184.828814
1887 196.019159
1888 212.507132
1889 209.158659
1890 204.997831
1891 196.386845
1892 194.809616
1893 194.869383
1894 194.392378
1895 198.016760
1896 257.249762
1897 192.900515
1898 225.166649
1899 190.922263
1900 208.928186
1901 208.235299
1902 199.153747
1903 234.561092
1904 230.109355
1905 189.359738
1906 209.468523
1907 185.126280
1908 235.961029
1909 197.765301
1910 203.771060
1911 231.546837
1912 195.145974
1913 188.871008
1914 273.106747
1915 198.335022
1916 250.154042
1917 238.233519
1918 194.659996
1919 230.381437
1920 223.005196
1921 211.324166
1922 231.630581
1923 211.926592
1924 203.305823
1925 199.224219
1926 214.573327
1927 207.060609
1928 225.549539
1929 207.425648
1930 220.184328
1931 216.877179
1932 234.226194
1933 235.683883
1934 188.504960
1935 197.582266
1936 206.465793
1937 218.948762
1938 184.837012
1939 191.897845
1940 233.303365
1941 214.602064
1942 218.665274
1943 221.766942
1944 196.300530
1945 231.397375
1946 206.341294
1947 192.680277
1948 217.358245
1949 207.113684
1950 206.947581
1951 215.927139
1952 192.428253
1953 253.390069
1954 198.081470
1955 239.755322
1956 214.442936
1957 202.727235
1958 186.211765
1959 186.592765
1960 235.176849
1961 184.102649
1962 212.813112
1963 194.643825
1964 206.555086
1965 212.837654
1966 194.070809
1967 235.068576
1968 245.433710
1969 203.630245
1970 192.745726
1971 215.020619
1972 217.607677
1973 189.028273
1974 203.845824
1975 211.178723
1976 236.994456
1977 221.942047
1978 203.134622
1979 222.704244
1980 250.292277
1981 207.375125
1982 216.876405
1983 222.588243
1984 198.824838
1985 241.076690
1986 215.984104
1987 232.940730
1988 224.991559
1989 210.045189
1990 216.313708
1991 188.362595
1992 221.432193
1993 231.459454
1994 229.636889
1995 198.833101
1996 224.566540
1997 227.551036
1998 235.752117
1999 210.943347
2000 203.699232
2001 200.571434
2002 224.810844
2003 235.649577
2004 197.208120
2005 214.023920
2006 204.025139
2007 211.079906
2008 224.506215
2009 212.380230
2010 226.412608
2011 204.697198
2012 212.738239
2013 237.403571
2014 222.263599
2015 238.125105
2016 217.632596
2017 236.353438
2018 255.262781
2019 225.095503
2020 203.107893
2021 228.357622
2022 226.384591
2023 203.058159
2024 219.375672
2025 211.790396
2026 212.409130
2027 209.033186
2028 209.082789
2029 203.329870
2030 230.040446
2031 229.049257
2032 218.091164
2033 220.472060
2034 199.284693
2035 243.589240
2036 215.341222
2037 235.950233
2038 241.392359
2039 222.429239
2040 213.540434
2041 232.337868
2042 248.414241
2043 204.831104
2044 215.928462
2045 210.955916
2046 212.127060
2047 232.852300
2048 246.029186
2049 319.351138
2050 280.852339
2051 287.106885
2052 283.872963
2053 274.627358
2054 299.393079
2055 277.497313
2056 296.300526
2057 318.214603
2058 305.687739
2059 295.344935
2060 304.995692
2061 301.076197
2062 271.249109
2063 297.623342
2064 278.870316
2065 263.415448
2066 305.228606
2067 263.901410
2068 280.485759
2069 308.309581
2070 318.511142
2071 321.836785
2072 311.055461
2073 294.552410
2074 292.918288
2075 306.092215
2076 299.611366
2077 295.976417
2078 289.354661
2079 295.988840
2080 289.587905
2081 298.411887
2082 273.138747
2083 284.561203
2084 301.230426
2085 302.169692
2086 272.314149
2087 291.992564
2088 307.959151
2089 278.658898
2090 274.237356
2091 276.862577
2092 287.602169
2093 314.945749
2094 338.349380
2095 296.391830
2096 305.269678
2097 291.901714
2098 287.831757
2099 287.282687
2100 306.503304
2101 305.152402
2102 314.918307
2103 300.770490
2104 329.626100
2105 308.676395
2106 308.765039
2107 280.715836
2108 312.019161
2109 316.545601
2110 324.218746
2111 313.206843
2112 285.282824
2113 289.892954
2114 293.729341
2115 284.914707
2116 330.432656
2117 303.816169
2118 289.265426
2119 294.363278
2120 272.976523
2121 300.115189
2122 301.476170
2123 301.847216
2124 303.529361
2125 274.132036
2126 280.261903
2127 289.844912
2128 305.597304
2129 292.664715
2130 288.610969
2131 323.208017
2132 325.883020
2133 298.004933
2134 275.098818
2135 303.678466
2136 282.183985
2137 293.490713
2138 317.877014
2139 299.270776
2140 297.012533
2141 319.452314
2142 294.057004
2143 326.036572
2144 323.235404
2145 306.320136
2146 318.067741
2147 322.464336
2148 289.047941
2149 295.541057
2150 310.912852
2151 317.947624
2152 289.689966
2153 277.349666
2154 307.446495
2155 322.840559
2156 310.387010
2157 304.771590
2158 289.807751
2159 308.808161
2160 298.402399
2161 296.349279
2162 296.913728
2163 300.275167
2164 307.379785
2165 271.792552
2166 296.640367
2167 339.195680
2168 313.335143
2169 311.710236
2170 289.864574
2171 304.962374
2172 281.027690
2173 301.375590
2174 313.275982
2175 296.528794
2176 318.021964
2177 322.945259
2178 306.261680
2179 309.851412
2180 308.879872
2181 296.516363
2182 317.737320
2183 315.132624
2184 310.607165
2185 280.482377
2186 329.767676
2187 315.661561
2188 313.693268
2189 328.917817
2190 322.948425
2191 298.459682
2192 314.997876
2193 304.926593
2194 306.556247
2195 298.061762
2196 314.392457
2197 322.404382
2198 318.197386
2199 298.419506
2200 309.171935
2201 324.032714
2202 323.332136
2203 322.600356
2204 333.044707
2205 307.467448
2206 319.148414
2207 335.489004
2208 316.822062
2209 292.480002
2210 318.197541
2211 301.164604
2212 341.960289
2213 286.369284
2214 314.664089
2215 328.657275
2216 302.554214
2217 331.159079
2218 312.129600
2219 318.855879
2220 294.226087
2221 316.355106
2222 306.153541
2223 307.176831
2224 327.562111
2225 308.748274
2226 315.866276
2227 295.111842
2228 296.038087
2229 286.008112
2230 332.498278
2231 342.058101
2232 314.160297
2233 326.042077
2234 345.697681
2235 299.068680
2236 327.601078
2237 345.388162
2238 329.659819
2239 327.109022
2240 306.939646
2241 308.417347
2242 341.732346
2243 311.844856
2244 308.315044
2245 338.777837
2246 314.891928
2247 274.250640
2248 349.511644
2249 286.515830
2250 318.707519
2251 319.225934
2252 321.414715
2253 324.410458
2254 297.658127
2255 312.682564
2256 340.826304
2257 323.497736
2258 332.213574
2259 304.932649
2260 307.086230
2261 319.758106
2262 352.840328
2263 292.162550
2264 332.226778
2265 307.494421
2266 331.779161
2267 301.816173
2268 361.355791
2269 341.607161
2270 299.393480
2271 340.845105
2272 338.208979
2273 311.771650
2274 323.041959
2275 330.496303
2276 315.181848
2277 325.129767
2278 350.919141
2279 310.848797
2280 316.458582
2281 324.246230
2282 316.516125
2283 337.931040
2284 336.778328
2285 319.614461
2286 332.693625
2287 313.147104
2288 332.284114
2289 316.775070
2290 334.589793
2291 329.271040
2292 319.641691
2293 339.085957
2294 325.828562
2295 318.368450
2296 331.991326
2297 315.061065
2298 335.205177
2299 333.358201
2300 319.735535
2301 336.412677
2302 315.548717
2303 330.327704
2304 345.642347
2305 274.996083
2306 330.357657
2307 315.840851
2308 298.660977
2309 327.366684
2310 312.402010
2311 339.274350
2312 350.228103
2313 317.021736
2314 324.707948
2315 332.216261
2316 317.922217
2317 342.078105
2318 358.935232
2319 306.377351
2320 335.410330
2321 320.977893
2322 320.336900
2323 330.353970
2324 329.400829
2325 352.379933
2326 313.536790
2327 327.370272
2328 354.900728
2329 322.340256
2330 322.378962
2331 342.355075
2332 337.362331
2333 324.895140
2334 297.346536
2335 300.090896
2336 310.920587
2337 338.750032
2338 317.632621
2339 321.873706
2340 323.799112
2341 330.385529
2342 347.600076
2343 350.044763
2344 310.940590
2345 344.453262
2346 366.458436
2347 325.824749
2348 338.249252
2349 300.854064
2350 340.225740
2351 337.923723
2352 356.079241
2353 318.914918
2354 319.928549
2355 331.925630
2356 364.787311
2357 323.613745
2358 352.322905
2359 325.673098
2360 307.663766
2361 351.346656
2362 355.520045
2363 349.195738
2364 349.695395
2365 309.843726
2366 329.555123
2367 325.371562
2368 344.699159
2369 367.003006
2370 359.613028
2371 327.811708
2372 349.041845
2373 332.985934
2374 326.447768
2375 326.472061
2376 338.091197
2377 333.474200
2378 348.449265
2379 304.764179
2380 326.176201
2381 330.273045
2382 327.946977
2383 347.891345
2384 313.778123
2385 341.309724
2386 327.326888
2387 327.957810
2388 328.844168
2389 334.216950
2390 344.256164
2391 351.325112
2392 317.004679
2393 352.982407
2394 337.088158
2395 305.967351
2396 346.081422
2397 326.325374
2398 369.230026
2399 334.135272
2400 363.928165
2401 314.315355
2402 356.995421
2403 323.367577
2404 335.298143
2405 344.283844
2406 356.313167
2407 322.385268
2408 365.177575
2409 339.595728
2410 331.158796
2411 368.630161
2412 351.965514
2413 310.059809
2414 320.820211
2415 348.139836
2416 349.833401
2417 373.770481
2418 343.199568
2419 336.590877
2420 350.494670
2421 343.203363
2422 363.343608
2423 344.154741
2424 337.600373
2425 366.306578
2426 324.078186
2427 330.884007
2428 360.908578
2429 347.727045
2430 367.224992
2431 347.193902
2432 342.038857
2433 362.331535
2434 332.224239
2435 351.157457
2436 357.422202
2437 357.089953
2438 327.718843
2439 364.075789
2440 335.876262
2441 371.725142
2442 372.318202
2443 342.351045
2444 371.941514
2445 333.027531
2446 322.483624
2447 340.101356
2448 364.499207
2449 344.222067
2450 347.393256
2451 337.357847
2452 369.479231
2453 380.818528
2454 361.677383
2455 345.830717
2456 327.811756
2457 351.694038
2458 359.114094
2459 348.280341
2460 368.056381
2461 334.318513
2462 333.639920
2463 339.899296
2464 352.662694
2465 334.061434
2466 343.878666
2467 345.582413
2468 349.680200
2469 367.284356
2470 336.525292
2471 366.235730
2472 365.176416
2473 342.438268
2474 356.477047
2475 336.339739
2476 378.712512
2477 319.949242
2478 349.540813
2479 340.374503
2480 346.455713
2481 357.760148
2482 377.691859
2483 344.660571
2484 431.281958
2485 331.285523
2486 383.353097
2487 353.668677
2488 375.947242
2489 353.283879
2490 398.530933
2491 358.316945
2492 373.013158
2493 359.475333
2494 331.140955
2495 337.070603
2496 367.440149
2497 383.579561
2498 366.665134
2499 342.991948
2500 343.946089
2501 334.098646
2502 356.903941
2503 374.977304
2504 357.237774
2505 374.034703
2506 346.527293
2507 325.271135
2508 351.242686
2509 359.522590
2510 350.395430
2511 332.795074
2512 368.302786
2513 356.259454
2514 336.790503
2515 340.983347
2516 360.647299
2517 365.889578
2518 362.425356
2519 380.191298
2520 358.677831
2521 350.725131
2522 342.809015
2523 347.017021
2524 335.598216
2525 368.913880
2526 352.559028
2527 392.005202
2528 373.426135
2529 365.293686
2530 352.815671
2531 367.809691
2532 378.114787
2533 422.355469
2534 373.577600
2535 354.346723
2536 373.794795
2537 372.143842
2538 373.696703
2539 370.279384
2540 382.940725
2541 363.652711
2542 363.158214
2543 345.195338
2544 363.463854
2545 356.439842
2546 351.051816
2547 342.325872
2548 365.329062
2549 373.073431
2550 354.166084
2551 389.011219
2552 373.515662
2553 364.901778
2554 357.742564
2555 347.817137
2556 384.232593
2557 330.819634
2558 385.219706
2559 378.954983
2560 388.455173
2561 353.488638
2562 384.843163
2563 357.012028
2564 389.758858
2565 373.867594
2566 361.404537
2567 354.446884
2568 374.811797
2569 351.027744
2570 345.065582
2571 359.810107
2572 386.453210
2573 379.452151
2574 372.549902
2575 364.908477
2576 387.854499
2577 349.155876
2578 378.808669
2579 375.458011
2580 339.981910
2581 338.339082
2582 362.716610
2583 388.745382
2584 383.429746
2585 409.321557
2586 356.072689
2587 372.692488
2588 362.892588
2589 358.029832
2590 386.792335
2591 358.993497
2592 379.083308
2593 396.038591
2594 364.805044
2595 364.391735
2596 381.520807
2597 371.457128
2598 384.510734
2599 383.996240
2600 388.233538
2601 400.115517
2602 345.183597
2603 372.684551
2604 379.931753
2605 379.742542
2606 392.246669
2607 348.784498
2608 368.616246
2609 378.283683
2610 330.426193
2611 385.447653
2612 397.972976
2613 377.571032
2614 385.665275
2615 358.430300
2616 396.582586
2617 372.188057
2618 382.611729
2619 386.549044
2620 380.414194
2621 368.359478
2622 404.717768
2623 365.324190
2624 377.209659
2625 392.366725
2626 362.706556
2627 369.853124
2628 382.186383
2629 339.193185
2630 373.696913
2631 375.408926
2632 397.250955
2633 367.246141
2634 366.984812
2635 417.007144
2636 404.500744
2637 408.623096
2638 392.104560
2639 371.096727
2640 404.732653
2641 373.956446
2642 366.937437
2643 369.145690
2644 398.005925
2645 356.801621
2646 384.670454
2647 374.587103
2648 391.236925
2649 380.911145
2650 370.296396
2651 387.728489
2652 299.266777
2653 381.886010
2654 375.623666
2655 369.357299
2656 374.550303
2657 371.768622
2658 373.183866
2659 369.202026
2660 360.513429
2661 390.666150
2662 393.026201
2663 382.135811
2664 375.670704
2665 375.669860
2666 375.397176
2667 386.980129
2668 382.072333
2669 354.168678
2670 376.531450
2671 391.633394
2672 393.554032
2673 391.968546
2674 364.022446
2675 369.002108
2676 381.829744
2677 397.381186
2678 392.985290
2679 420.485252
2680 379.057485
2681 377.079859
2682 396.256405
2683 399.583539
2684 408.978252
2685 384.623488
2686 395.294414
2687 386.489537
2688 380.065945
2689 391.670230
2690 372.162326
2691 386.332484
2692 382.578079
2693 391.778212
2694 408.021033
2695 356.348003
2696 363.576951
2697 401.094264
2698 408.255213
2699 391.924705
2700 409.400982
2701 381.439644
2702 381.556883
2703 394.465077
2704 407.986765
2705 381.165833
2706 378.106895
2707 403.488687
2708 394.740536
2709 385.147827
2710 396.334767
2711 356.012515
2712 400.361244
2713 421.631751
2714 372.092404
2715 402.585847
2716 382.136787
2717 390.612149
2718 398.331563
2719 381.015353
2720 391.209958
2721 385.588435
2722 389.656569
2723 389.838828
2724 414.245317
2725 408.116198
2726 395.591913
2727 396.086124
2728 404.175320
2729 378.847889
2730 393.106540
2731 397.828684
2732 421.827067
2733 388.725533
2734 389.493787
2735 391.595895
2736 389.200355
2737 399.233999
2738 399.416195
2739 400.166924
2740 388.533111
2741 409.622334
2742 401.493107
2743 410.194788
2744 259.971463
2745 455.886981
2746 864.942291
2747 615.229598
2748 413.357680
2749 415.048973
2750 415.385554
2751 416.792775
2752 378.019066
2753 377.020707
2754 416.686691
2755 418.573917
2756 388.312917
2757 391.705880
2758 388.831031
2759 400.233024
2760 411.173615
2761 372.148002
2762 383.022016
2763 379.288048
2764 402.571205
2765 373.066256
2766 389.404935
2767 416.059967
2768 406.544420
2769 412.318337
2770 372.310477
2771 418.460111
2772 402.737618
2773 401.013313
2774 401.828444
2775 374.673821
2776 401.208408
2777 418.775226
2778 392.841644
2779 411.241898
2780 380.572472
2781 430.075940
2782 396.303750
2783 409.230821
2784 420.840895
2785 393.791131
2786 418.852732
2787 385.830661
2788 390.810056
2789 396.751492
2790 396.089419
2791 404.507298
2792 263.787100
2793 426.788154
2794 418.794320
2795 395.454777
2796 378.914054
2797 407.307404
2798 406.519994
2799 395.062559
2800 385.869432
2801 413.297809
2802 418.372178
2803 388.442894
2804 428.636258
2805 418.464975
2806 399.098585
2807 390.173143
2808 397.939980
2809 366.966148
2810 416.143732
2811 432.868736
2812 401.736139
2813 428.297307
2814 408.805944
2815 393.021483
2816 439.063277
2817 371.111115
2818 393.365638
2819 406.195002
2820 390.697427
2821 412.322123
2822 432.525230
2823 425.958394
2824 412.871680
2825 426.547160
2826 397.413385
2827 400.011263
2828 420.464037
2829 395.575600
2830 398.623579
2831 415.612633
2832 410.252934
2833 388.109411
2834 407.749988
2835 384.049341
2836 399.854159
2837 418.627828
2838 397.889808
2839 411.140768
2840 395.789179
2841 403.481326
2842 422.098719
2843 411.227090
2844 393.641253
2845 407.993821
2846 383.333397
2847 408.144004
2848 417.609000
2849 408.826014
2850 412.939744
2851 402.716299
2852 413.331552
2853 384.550811
2854 443.979408
2855 378.953051
2856 387.755078
2857 405.055214
2858 419.241771
2859 404.708976
2860 411.002570
2861 411.050445
2862 397.903068
2863 414.660113
2864 437.256631
2865 403.563911
2866 417.134033
2867 426.548331
2868 430.113793
2869 386.872305
2870 410.730419
2871 404.226151
2872 401.727522
2873 369.832305
2874 409.248806
2875 409.446772
2876 419.034031
2877 411.494124
2878 424.388534
2879 417.666770
2880 427.761098
2881 448.818507
2882 410.456596
2883 436.547719
2884 416.440300
2885 404.493105
2886 399.539938
2887 424.127278
2888 447.068945
2889 401.984458
2890 423.922899
2891 417.460149
2892 449.431749
2893 383.575926
2894 431.692502
2895 397.939553
2896 434.485258
2897 421.214006
2898 410.125268
2899 417.083082
2900 412.956646
2901 399.051345
2902 426.281494
2903 418.767428
2904 407.949702
2905 405.841637
2906 425.408450
2907 418.681576
2908 429.213874
2909 427.286109
2910 413.165179
2911 418.054261
2912 419.671333
2913 408.496628
2914 406.996561
2915 443.116256
2916 403.690676
2917 433.362862
2918 420.516615
2919 419.834065
2920 434.893193
2921 410.499055
2922 409.523004
2923 418.551910
2924 435.508638
2925 405.536301
2926 428.839329
2927 446.631239
2928 430.651505
2929 426.175424
2930 422.387925
2931 425.924303
2932 424.817165
2933 416.276971
2934 424.370597
2935 415.105635
2936 398.931682
2937 428.863945
2938 422.453183
2939 425.668935
2940 434.685391
2941 393.219117
2942 407.096129
2943 419.748694
2944 438.577033
2945 437.949080
2946 414.356458
2947 393.547322
2948 413.822687
2949 425.427932
2950 444.925169
2951 407.634178
2952 414.407625
2953 393.440050
2954 420.004962
2955 419.277788
2956 423.858719
2957 419.845956
2958 423.338390
2959 439.954265
2960 388.313000
2961 440.606863
2962 423.230913
2963 415.342055
2964 423.587316
2965 446.011982
2966 419.575419
2967 444.663834
2968 394.149554
2969 440.263710
2970 418.078497
2971 421.514793
2972 414.221384
2973 439.309341
2974 432.824486
2975 399.818989
2976 447.720059
2977 422.736007
2978 423.246562
2979 418.105021
2980 425.273447
2981 431.771117
2982 409.614589
2983 428.990959
2984 427.843524
2985 430.064817
2986 439.699192
2987 456.964196
2988 445.729144
2989 452.511283
2990 431.949952
2991 445.417370
2992 423.986463
2993 433.531911
2994 446.199145
2995 411.168194
2996 461.279511
2997 429.699345
2998 422.584275
2999 427.779696
3000 569.588654
3001 483.106024
3002 455.831333
3003 618.569912
3004 558.271113
3005 522.140683
3006 412.084644
3007 429.340942
3008 547.006040
3009 426.806047
3010 517.714974
3011 543.890982
3012 461.722182
3013 484.324281
3014 552.357495
3015 553.029580
3016 509.861315
3017 503.233928
3018 445.181628
3019 483.654348
3020 701.960707
3021 706.159269
3022 575.318725
3023 528.417168
3024 470.848100
3025 435.085952
3026 495.406993
3027 540.726106
3028 414.409482
3029 460.757515
3030 568.998613
3031 448.275997
3032 441.621163
3033 591.249799
3034 439.755489
3035 552.549609
3036 431.422104
3037 527.716685
3038 420.864018
3039 576.887088
3040 455.881704
3041 556.331077
3042 458.589943
3043 385.932424
3044 498.240445
3045 541.625302
3046 530.563715
3047 523.314468
3048 438.019955
3049 471.575135
3050 473.219456
3051 485.249730
3052 488.545693
3053 478.243854
3054 575.624006
3055 539.794620
3056 419.510747
3057 435.609428
3058 592.945535
3059 536.971100
3060 470.195930
3061 489.616248
3062 490.240320
3063 482.422000
3064 484.209614
3065 545.385215
3066 552.175984
3067 635.240687
3068 690.572016
3069 507.384057
3070 562.548728
3071 531.702469
3072 356.148523
3073 479.503449
3074 497.178515
3075 433.921225
3076 545.786318
3077 486.927049
3078 541.239941
3079 412.138423
3080 564.779009
3081 468.922249
3082 570.387614
3083 467.173111
3084 603.730583
3085 469.637111
3086 501.467131
3087 459.495886
3088 573.029647
3089 560.830276
3090 508.902364
3091 495.778667
3092 467.744598
3093 483.516607
3094 612.152800
3095 544.465836
3096 578.609519
3097 564.004886
3098 467.778066
3099 471.085308
3100 496.995285
3101 456.195493
3102 487.266299
3103 501.016189
3104 463.265627
3105 586.749612
3106 588.265230
3107 562.172091
3108 525.687795
3109 481.318847
3110 460.673286
3111 507.139109
3112 611.433550
3113 371.460891
3114 576.196779
3115 383.251224
3116 577.150606
3117 475.473339
3118 574.546129
3119 571.822284
3120 631.192768
3121 573.365478
3122 570.215544
3123 609.440430
3124 452.765386
3125 542.653111
3126 465.589557
3127 515.896204
3128 574.424394
3129 552.427382
3130 605.945723
3131 545.486820
3132 607.473491
3133 387.341545
3134 591.292694
3135 577.249256
3136 472.197169
3137 574.013456
3138 535.066540
3139 540.133563
3140 579.245049
3141 561.202062
3142 580.723035
3143 513.391950
3144 459.846339
3145 557.283421
3146 474.348662
3147 468.845121
3148 560.993294
3149 561.676743
3150 394.886488
3151 491.368997
3152 605.095946
3153 514.750358
3154 583.779696
3155 513.752517
3156 635.155602
3157 537.500642
3158 568.211059
3159 568.459305
3160 576.476434
3161 560.217067
3162 585.375187
3163 543.819154
3164 455.559742
3165 620.500907
3166 404.175143
3167 462.945528
3168 457.824037
3169 499.435240
3170 457.888591
3171 617.509733
3172 474.658289
3173 512.218422
3174 698.956327
3175 659.151373
3176 580.583290
3177 579.039813
3178 634.178056
3179 733.765909
3180 493.172197
3181 635.020149
3182 636.609851
3183 504.289500
3184 580.398440
3185 608.439901
3186 543.365369
3187 587.256667
3188 490.620348
3189 607.089199
3190 551.096243
3191 593.689059
3192 506.650519
3193 607.970175
3194 487.197173
3195 527.471676
3196 514.542052
3197 508.238051
3198 599.722607
3199 604.621544
3200 538.686365
3201 791.424460
3202 518.160329
3203 583.383812
3204 476.342849
3205 592.280951
3206 635.662146
3207 437.320412
3208 393.524304
3209 543.973047
3210 607.231789
3211 564.681881
3212 492.338437
3213 587.292636
3214 536.697078
3215 618.021437
3216 543.603068
3217 539.073164
3218 526.332855
3219 462.182285
3220 464.695432
3221 487.198250
3222 615.977170
3223 584.912370
3224 471.096226
3225 516.301538
3226 481.970327
3227 598.726312
3228 575.298525
3229 538.558850
3230 440.190947
3231 492.427978
3232 612.365408
3233 619.503329
3234 543.990830
3235 573.778628
3236 499.804108
3237 593.881767
3238 599.914595
3239 618.114348
3240 621.077311
3241 645.160339
3242 377.408419
3243 603.456535
3244 548.340032
3245 642.938312
3246 604.120818
3247 604.827976
3248 591.126592
3249 529.520729
3250 516.991686
3251 608.029486
3252 590.891668
3253 529.240225
3254 505.584597
3255 646.560356
3256 601.131196
3257 619.429077
3258 614.401173
3259 518.995301
3260 586.275210
3261 640.139538
3262 505.993196
3263 446.857386
3264 525.977730
3265 628.441295
3266 584.658300
3267 631.315284
3268 403.803401
3269 525.228870
3270 490.351278
3271 510.260853
3272 494.495339
3273 632.332781
3274 514.024922
3275 632.031367
3276 633.205402
3277 638.123887
3278 379.713418
3279 504.935111
3280 625.249057
3281 569.474306
3282 591.852106
3283 615.515258
3284 651.073532
3285 626.378971
3286 566.856712
3287 587.677097
3288 472.871994
3289 635.027754
3290 570.344181
3291 576.901151
3292 590.348874
3293 601.183599
3294 593.048673
3295 584.473687
3296 595.472534
3297 636.567097
3298 605.052691
3299 615.096468
3300 441.161246
3301 613.173883
3302 596.765745
3303 602.918947
3304 489.608640
3305 607.973258
3306 526.660169
3307 568.330871
3308 640.182008
3309 735.696769
3310 653.911392
3311 597.557378
3312 414.247509
3313 627.839820
3314 585.328793
3315 483.556915
3316 790.916960
3317 532.100353
3318 554.013085
3319 616.271283
3320 427.574948
3321 636.699455
3322 579.060785
3323 570.829616
3324 573.798303
3325 589.957674
3326 594.630164
3327 583.639519
3328 622.028826
3329 704.646320
3330 731.162518
3331 628.769994
3332 554.550160
3333 521.149063
3334 556.478980
3335 621.714654
3336 629.059498
3337 600.487365
3338 481.088513
3339 617.049169
3340 560.548639
3341 623.653989
3342 637.404365
3343 715.475906
3344 842.460589
3345 633.982552
3346 579.273433
3347 559.367364
3348 509.793966
3349 538.443745
3350 671.630399
3351 464.911215
3352 618.425136
3353 621.976065
3354 503.260181
3355 647.083308
3356 518.636796
3357 521.649858
3358 634.382319
3359 613.527288
3360 563.121941
3361 620.705893
3362 494.641640
3363 640.150418
3364 615.814127
3365 621.726810
3366 580.118518
3367 563.646729
3368 595.285552
3369 601.978700
3370 528.492025
3371 577.745155
3372 536.499506
3373 521.167795
3374 645.582375
3375 608.676514
3376 455.015906
3377 584.007327
3378 530.782933
3379 512.087908
3380 518.614128
3381 642.314372
3382 506.007798
3383 637.826304
3384 527.234976
3385 624.885863
3386 484.443898
3387 642.302033
3388 626.279580
3389 685.746640
3390 500.306607
3391 440.776742
3392 620.432706
3393 467.122624
3394 634.550389
3395 673.252381
3396 596.168602
3397 626.309835
3398 610.074723
3399 612.006419
3400 490.058644
3401 503.227283
3402 656.945389
3403 674.954838
3404 510.973434
3405 524.480788
3406 621.069309
3407 573.384907
3408 639.920604
3409 526.623773
3410 520.554442
3411 673.767181
3412 634.197363
3413 622.158768
3414 587.331751
3415 563.839277
3416 475.789871
3417 523.479110
3418 660.456550
3419 423.147667
3420 514.803305
3421 663.989884
3422 649.901141
3423 636.700915
3424 497.389570
3425 559.094345
3426 665.686130
3427 632.532420
3428 525.476257
3429 620.364901
3430 620.078089
3431 632.151613
3432 663.162926
3433 480.216659
3434 565.117508
3435 677.218013
3436 508.203521
3437 558.708771
3438 558.209727
3439 560.986342
3440 537.530479
3441 527.281860
3442 650.176783
3443 655.634377
3444 623.933903
3445 657.575512
3446 613.219808
3447 655.433906
3448 521.882654
3449 700.477636
3450 608.883826
3451 638.364849
3452 609.792635
3453 478.673288
3454 650.538210
3455 614.048462
3456 497.009285
3457 676.551365
3458 632.361745
3459 527.334626
3460 549.904950
3461 543.146753
3462 556.144317
3463 631.833914
3464 480.417966
3465 529.992862
3466 680.356037
3467 657.459948
3468 666.665379
3469 655.003806
3470 522.921250
3471 553.409586
3472 654.687048
3473 442.307985
3474 598.281182
3475 698.130937
3476 465.852529
3477 657.912071
3478 678.773930
3479 659.595832
3480 606.276784
3481 676.588352
3482 616.342399
3483 555.804485
3484 687.978037
3485 504.167668
3486 534.825429
3487 538.277905
3488 679.529411
3489 623.898874
3490 669.440376
3491 694.885069
3492 638.727706
3493 650.539185
3494 622.464130
3495 680.502511
3496 651.828694
3497 618.953603
3498 506.129200
3499 760.218680
3500 456.257111
3501 679.981333
3502 680.188168
3503 453.017197
3504 677.049541
3505 502.366950
3506 558.728102
3507 572.887739
3508 538.521830
3509 539.708397
3510 535.625987
3511 690.141439
3512 648.956641
3513 670.287860
3514 717.382127
3515 455.238151
3516 519.996841
3517 477.697381
3518 644.154938
3519 698.633916
3520 552.515621
3521 573.976879
3522 565.113239
3523 559.468579
3524 585.831082
3525 679.492326
3526 654.370561
3527 692.297182
3528 699.394633
3529 672.862753
3530 548.761401
3531 716.097307
3532 694.442327
3533 687.653470
3534 597.195372
3535 614.370830
3536 601.476651
3537 633.146393
3538 527.725357
3539 689.122781
3540 631.031122
3541 649.328171
3542 673.908656
3543 681.536123
3544 658.037951
3545 499.757700
3546 578.560996
3547 703.663226
3548 670.803344
3549 586.162487
3550 721.792045
3551 685.581738
3552 619.960095
3553 650.454600
3554 462.805166
3555 642.026082
3556 295.695565
3557 93.989863
3558 86.549493
3559 110.495654
3560 97.539675
3561 92.002937
3562 90.765239
3563 99.561486
3564 91.788680
3565 85.694670
3566 93.356464
3567 117.905741
3568 88.450369
3569 95.014722
3570 89.697846
3571 88.189310
3572 88.406524
3573 98.582565
3574 97.000353
3575 90.724172
3576 91.169730
3577 99.370414
3578 94.729709
3579 91.580860
3580 103.389057
3581 95.445053
3582 86.966339
3583 109.812812
3584 93.062438
3585 85.152606
3586 101.449985
3587 87.068758
3588 95.650232
3589 118.741343
3590 94.532038
3591 94.576786
3592 91.645505
3593 100.518806
3594 105.609573
3595 88.725638
3596 93.065822
3597 96.048190
3598 83.648695
3599 98.463662
3600 94.031761
3601 103.343655
3602 98.026492
3603 96.568676
3604 93.155163
3605 95.685660
3606 98.369619
3607 110.858783
3608 90.353228
3609 107.807470
3610 93.576098
3611 106.588208
3612 103.098754
3613 91.685767
3614 101.262011
3615 90.070903
3616 94.742998
3617 91.216291
3618 94.566997
3619 87.377286
3620 107.005274
3621 95.154196
3622 111.618000
3623 99.428865
3624 94.139949
3625 93.609352
3626 108.374920
3627 106.890171
3628 104.167598
3629 91.444224
3630 93.500032
3631 93.256773
3632 107.249431
3633 92.113643
3634 108.595071
3635 107.549906
3636 88.558439
3637 96.232842
3638 111.771981
3639 96.129628
3640 97.988981
3641 95.627382
3642 91.429073
3643 115.832790
3644 102.755676
3645 99.070090
3646 89.465033
3647 96.257881
3648 93.374195
3649 90.420474
3650 98.656874
3651 96.665098
3652 99.548821
3653 101.988753
3654 91.839309
3655 88.686535
3656 91.231498
3657 89.223967
3658 100.580888
3659 92.229733
3660 93.510018
3661 105.867603
3662 90.078168
3663 113.221347
3664 104.419960
3665 108.855382
3666 90.283107
3667 115.033675
3668 91.448614
3669 97.302036
3670 99.134926
3671 98.009897
3672 98.551677
3673 101.001363
3674 105.080429
3675 87.061140
3676 98.721245
3677 92.774252
3678 95.868219
3679 99.509564
3680 103.494128
3681 94.646709
3682 98.508369
3683 96.755815
3684 102.151813
3685 105.400937
3686 100.290877
3687 100.511767
3688 103.238037
3689 113.619918
3690 107.553540
3691 104.483338
3692 93.667381
3693 95.577286
3694 96.100741
3695 97.404481
3696 95.415347
3697 103.334924
3698 99.821118
3699 101.821843
3700 109.792379
3701 90.741247
3702 112.474790
3703 90.069482
3704 95.584713
3705 90.821807
3706 97.745170
3707 115.420647
3708 103.801869
3709 100.656239
3710 110.701465
3711 94.595476
3712 94.207289
3713 99.870779
3714 110.124652
3715 93.688973
3716 96.427715
3717 114.672283
3718 102.461185
3719 91.326073
3720 93.142912
3721 88.563933
3722 95.213603
3723 122.592743
3724 95.295160
3725 99.773793
3726 100.496260
3727 113.476503
3728 95.666903
3729 114.267347
3730 118.571269
3731 94.302515
3732 107.376036
3733 92.829746
3734 108.530139
3735 91.851875
3736 95.755391
3737 97.675929
3738 91.718914
3739 102.126851
3740 109.593152
3741 111.436167
3742 116.113479
3743 96.599996
3744 100.360077
3745 96.974150
3746 102.990777
3747 113.760722
3748 101.689638
3749 99.627471
3750 100.741763
3751 101.250353
3752 99.859405
3753 109.468179
3754 99.638919
3755 92.194990
3756 99.127784
3757 95.880328
3758 98.692654
3759 103.351407
3760 106.484542
3761 114.385844
3762 95.477575
3763 106.529592
3764 108.478015
3765 107.318862
3766 117.704189
3767 91.890000
3768 94.201327
3769 116.232220
3770 89.977685
3771 107.478355
3772 101.360974
3773 118.646359
3774 107.790634
3775 118.097998
3776 88.401001
3777 105.995740
3778 113.194937
3779 118.749268
3780 99.789795
3781 117.864101
3782 94.784338
3783 119.803255
3784 96.175267
3785 110.780840
3786 125.401270
3787 114.058292
3788 100.315724
3789 102.880294
3790 118.720030
3791 111.472715
3792 120.240704
3793 114.837361
3794 110.221251
3795 97.300576
3796 108.884663
3797 91.871629
3798 118.779553
3799 99.432269
3800 112.733591
3801 120.778906
3802 93.138970
3803 116.386847
3804 111.632790
3805 92.756414
3806 94.766836
3807 112.792432
3808 99.283743
3809 99.476042
3810 116.394438
3811 102.400973
3812 112.131831
3813 89.887209
3814 116.082804
3815 94.956329
3816 100.022829
3817 117.036337
3818 98.711592
3819 120.398173
3820 107.767185
3821 92.384670
3822 99.512262
3823 116.472707
3824 121.551835
3825 89.395934
3826 99.340787
3827 95.953417
3828 115.525167
3829 96.454509
3830 118.852259
3831 115.306171
3832 121.168470
3833 89.423928
3834 106.265178
3835 92.234442
3836 121.218171
3837 114.707790
3838 117.519302
3839 124.982572
3840 102.722600
3841 119.189626
3842 100.078914
3843 114.381874
3844 107.099890
3845 120.807353
3846 112.577187
3847 97.062596
3848 127.206860
3849 115.539103
3850 112.007076
3851 112.471211
3852 117.642019
3853 99.261537
3854 103.781356
3855 112.315741
3856 108.339766
3857 119.655624
3858 123.499886
3859 123.568311
3860 121.830793
3861 92.110232
3862 109.827848
3863 110.769216
3864 117.517288
3865 108.121174
3866 89.225235
3867 95.518745
3868 119.442875
3869 107.976831
3870 123.601463
3871 97.733809
3872 108.058463
3873 96.171273
3874 100.899709
3875 101.000467
3876 121.075592
3877 98.114142
3878 101.592327
3879 99.074727
3880 112.856592
3881 102.717301
3882 118.858086
3883 96.623552
3884 116.596102
3885 92.195668
3886 98.619091
3887 101.325660
3888 117.893833
3889 91.746621
3890 110.254218
3891 98.472380
3892 110.338309
3893 93.017991
3894 113.760364
3895 103.144287
3896 114.823396
3897 103.523095
3898 109.325709
3899 92.589765
3900 118.463103
3901 97.391170
3902 105.047722
3903 96.635944
3904 93.105082
3905 104.287697
3906 100.922501
3907 97.733751
3908 101.029781
3909 97.254767
3910 119.530048
3911 92.534113
3912 126.619909
3913 101.983164
3914 114.581546
3915 99.780456
3916 125.600112
3917 90.048805
3918 104.562989
3919 97.948839
3920 100.555365
3921 98.147927
3922 114.845510
3923 106.299477
3924 106.101015
3925 91.786302
3926 98.173853
3927 90.947871
3928 125.484922
3929 100.374238
3930 124.138145
3931 104.675040
3932 101.359941
3933 92.730239
3934 98.947597
3935 102.772976
3936 94.353193
3937 97.581320
3938 100.811841
3939 104.528143
3940 105.727237
3941 99.191678
3942 92.460007
3943 94.734375
3944 120.242000
3945 103.006645
3946 96.072675
3947 96.281972
3948 108.784715
3949 95.327874
3950 98.080620
3951 91.924958
3952 101.316076
3953 103.956477
3954 126.259659
3955 100.767532
3956 98.842571
3957 93.073214
3958 105.810741
3959 99.623560
3960 120.315088
3961 94.029386
3962 100.037818
3963 108.440140
3964 127.205090
3965 94.542424
3966 96.327499
3967 104.903699
3968 105.720954
3969 93.704049
3970 103.473050
3971 92.792281
3972 95.487290
3973 109.990908
3974 100.887646
3975 112.453080
3976 114.236200
3977 98.199869
3978 92.727602
3979 100.636999
3980 121.281679
3981 93.655989
3982 96.162365
3983 101.163385
3984 117.781483
3985 104.519616
3986 97.745281
3987 92.451582
3988 100.130814
3989 94.852319
3990 99.646530
3991 92.066384
3992 122.976503
3993 102.449532
3994 96.972938
3995 95.305916
3996 104.211048
3997 95.939891
3998 103.356410
3999 92.474953
4000 98.757030
4001 103.679579
4002 103.130668
4003 108.765066
4004 116.899682
4005 96.492210
4006 98.916358
4007 101.491829
4008 104.345097
4009 95.434879
4010 104.550532
4011 123.041996
4012 96.812468
4013 106.784706
4014 91.563434
4015 109.913762
4016 108.498978
4017 94.268653
4018 100.147471
4019 96.303091
4020 95.070421
4021 108.766207
4022 108.566253
4023 97.422042
4024 116.414093
4025 108.237196
4026 103.326342
4027 95.844102
4028 108.196354
4029 104.886343
4030 113.969855
4031 101.834701
4032 120.481083
4033 97.946520
4034 99.256738
4035 97.819017
4036 97.450410
4037 100.374976
4038 98.244963
4039 95.794503
4040 127.924118
4041 102.915968
4042 127.037817
4043 98.955233
4044 122.581138
4045 96.942252
4046 100.146776
4047 98.433471
4048 113.293479
4049 103.370894
4050 102.565412
4051 95.437301
4052 107.855431
4053 111.900734
4054 93.778705
4055 105.474154
4056 118.289124
4057 110.027281
4058 100.949935
4059 101.735499
4060 104.023186
4061 107.444487
4062 99.293552
4063 97.674754
4064 102.300052
4065 103.998613
4066 114.557505
4067 103.907859
4068 94.503092
4069 103.537134
4070 103.804093
4071 110.498164
4072 97.252478
4073 109.312193
4074 103.893573
4075 109.987303
4076 125.520981
4077 113.366055
4078 106.270563
4079 104.735430
4080 101.605765
4081 110.870570
4082 109.406735
4083 103.919568
4084 109.470817
4085 111.995391
4086 103.234553
4087 104.291759
4088 109.128963
4089 116.225044
4090 100.715397
4091 106.540813
4092 110.051773
4093 104.561385
4094 103.327537
4095 110.989265
4096 109.550191
4097 132.336341
4098 159.078488
4099 161.372150
4100 164.562884
4101 145.218528
4102 152.089604
4103 162.617789
4104 162.342565
4105 154.255195
4106 154.746752
4107 163.957370
4108 164.414538
4109 130.487806
4110 128.485760
4111 159.026735
4112 143.654779
4113 145.346849
4114 151.714925
4115 160.730785
4116 142.499048
4117 180.889905
4118 135.895258
4119 188.904174
4120 153.206689
4121 151.983311
4122 138.138496
4123 155.702504
4124 134.943600
4125 148.124076
4126 184.480181
4127 160.532137
4128 150.174222
4129 140.615264
4130 173.719190
4131 167.214401
4132 158.584439
4133 147.266110
4134 155.968541
4135 169.281788
4136 177.044490
4137 178.204883
4138 158.259772
4139 187.971122
4140 139.044968
4141 179.565973
4142 186.861562
4143 183.715821
4144 184.592314
4145 172.955101
4146 180.325282
4147 177.119870
4148 142.052182
4149 149.329284
4150 138.353840
4151 160.811904
4152 169.801582
4153 198.857824
4154 189.177920
4155 146.404368
4156 140.365136
4157 188.725576
4158 145.943766
4159 184.299787
4160 184.511275
4161 177.078252
4162 208.363275
4163 191.161578
4164 157.451445
4165 147.197284
4166 146.751024
4167 145.968689
4168 150.461596
4169 149.897805
4170 141.212707
4171 151.817213
4172 204.062287
4173 151.287046
4174 147.565719
4175 159.370878
4176 154.766294
4177 144.082471
4178 173.866366
4179 143.533073
4180 147.417835
4181 137.822750
4182 149.318602
4183 192.066400
4184 151.363737
4185 182.869576
4186 189.877594
4187 151.147754
4188 148.589184
4189 150.052014
4190 154.414789
4191 150.608509
4192 150.830330
4193 154.563841
4194 146.730783
4195 144.901535
4196 145.242569
4197 202.839829
4198 193.857103
4199 183.044547
4200 188.513545
4201 185.192129
4202 154.948893
4203 154.214036
4204 158.018684
4205 151.814303
4206 154.734354
4207 193.306323
4208 192.787839
4209 157.450020
4210 152.604199
4211 168.176844
4212 153.556393
4213 187.999452
4214 156.438856
4215 187.887543
4216 153.651953
4217 154.283467
4218 163.644812
4219 164.973518
4220 193.447476
4221 153.762223
4222 161.086259
4223 159.251077
4224 157.265173
4225 159.314213
4226 179.358095
4227 182.709574
4228 208.688734
4229 157.093121
4230 209.334353
4231 182.019147
4232 160.861676
4233 198.248387
4234 200.782868
4235 160.027437
4236 158.617698
4237 207.671103
4238 149.565650
4239 166.061413
4240 200.580554
4241 207.321554
4242 153.649256
4243 193.877679
4244 156.279066
4245 158.031098
4246 161.720894
4247 158.627950
4248 162.861912
4249 207.314316
4250 219.082664
4251 191.602336
4252 201.897205
4253 189.416466
4254 197.670774
4255 210.909428
4256 217.705306
4257 216.911599
4258 206.729183
4259 218.276745
4260 163.429703
4261 205.198704
4262 214.072509
4263 213.636102
4264 217.132450
4265 206.480721
4266 168.335124
4267 166.407150
4268 167.934679
4269 202.631783
4270 169.303689
4271 209.388219
4272 164.772262
4273 200.253490
4274 199.273526
4275 212.106821
4276 161.824084
4277 201.661335
4278 226.298836
4279 168.461108
4280 215.526971
4281 201.594445
4282 202.360787
4283 218.031823
4284 163.889074
4285 212.540491
4286 222.514244
4287 175.218290
4288 210.283160
4289 204.026539
4290 172.115848
4291 173.168671
4292 213.291399
4293 175.028833
4294 166.839304
4295 215.892752
4296 173.198594
4297 209.218257
4298 216.100962
4299 196.622851
4300 210.433084
4301 161.955336
4302 174.726874
4303 230.280054
4304 215.115381
4305 171.292477
4306 217.458616
4307 175.266917
4308 213.080675
4309 167.725937
4310 175.034878
4311 214.769844
4312 225.783265
4313 166.963703
4314 215.618231
4315 170.945124
4316 220.208372
4317 228.011075
4318 202.595546
4319 218.592566
4320 212.266095
4321 214.324692
4322 173.713252
4323 226.599421
4324 215.824970
4325 215.815475
4326 217.250062
4327 178.697983
4328 209.578616
4329 212.172377
4330 209.676732
4331 224.213987
4332 234.607363
4333 217.671434
4334 222.934545
4335 234.751098
4336 222.588658
4337 223.462358
4338 226.283373
4339 185.244028
4340 213.174212
4341 221.814714
4342 222.893532
4343 208.512176
4344 181.188867
4345 223.577911
4346 209.426501
4347 230.998059
4348 224.731027
4349 234.778419
4350 186.076038
4351 233.438900
4352 193.036336
4353 243.002257
4354 223.126180
4355 179.314424
4356 175.928844
4357 237.645445
4358 185.342792
4359 217.777309
4360 186.652803
4361 226.427347
4362 224.072563
4363 223.411737
4364 219.459083
4365 186.297022
4366 223.147926
4367 221.323639
4368 232.734661
4369 225.175691
4370 229.875451
4371 226.823334
4372 215.379514
4373 224.975959
4374 217.659500
4375 219.770810
4376 229.725355
4377 231.752834
4378 226.182711
4379 223.108139
4380 189.805601
4381 189.119554
4382 224.288621
4383 247.783669
4384 232.320018
4385 234.768775
4386 226.771401
4387 231.513118
4388 241.538708
4389 215.938295
4390 183.684170
4391 226.259770
4392 236.737964
4393 232.990112
4394 239.164493
4395 230.635435
4396 235.431000
4397 228.521416
4398 240.653556
4399 221.364460
4400 195.679119
4401 181.849340
4402 231.090830
4403 240.827758
4404 244.464817
4405 235.557538
4406 227.865619
4407 237.527431
4408 248.041710
4409 200.182833
4410 194.401386
4411 217.462223
4412 198.177239
4413 245.707950
4414 198.113909
4415 198.405552
4416 197.376588
4417 196.658986
4418 200.399549
4419 241.131060
4420 199.497022
4421 185.944856
4422 228.488104
4423 197.830415
4424 231.036539
4425 239.742551
4426 194.869231
4427 235.150466
4428 208.852004
4429 195.492392
4430 244.974298
4431 195.686357
4432 193.433484
4433 192.148444
4434 234.180073
4435 208.234754
4436 197.144723
4437 199.250115
4438 196.560892
4439 207.848258
4440 201.831988
4441 202.567334
4442 197.445788
4443 194.597520
4444 191.120610
4445 203.276925
4446 193.393088
4447 202.644734
4448 202.772990
4449 197.330827
4450 208.793473
4451 208.448905
4452 206.221439
4453 195.711762
4454 203.428244
4455 205.603504
4456 205.215406
4457 245.765423
4458 201.275852
4459 216.597793
4460 205.420706
4461 241.577839
4462 213.069604
4463 207.991986
4464 208.998078
4465 213.207833
4466 207.780496
4467 200.637023
4468 262.155490
4469 204.911834
4470 214.267276
4471 207.151147
4472 206.966124
4473 205.801281
4474 209.465233
4475 197.292963
4476 205.409118
4477 219.612476
4478 210.732476
4479 200.903933
4480 212.952891
4481 217.027276
4482 254.118461
4483 206.515151
4484 217.535368
4485 211.455625
4486 218.075909
4487 207.564260
4488 257.951977
4489 225.813945
4490 217.323744
4491 220.869898
4492 209.164451
4493 210.854938
4494 218.169472
4495 218.844610
4496 252.232268
4497 250.395145
4498 218.506438
4499 221.456166
4500 218.998761
4501 212.118974
4502 224.057607
4503 260.815950
4504 220.757905
4505 213.052718
4506 215.793959
4507 214.724436
4508 236.948314
4509 222.597860
4510 226.188933
4511 258.428877
4512 243.295180
4513 216.192909
4514 222.512418
4515 263.211526
4516 223.454169
4517 221.246902
4518 219.385933
4519 246.714773
4520 218.992885
4521 226.858729
4522 271.047528
4523 227.679626
4524 229.927292
4525 215.001940
4526 218.551798
4527 223.199999
4528 224.659515
4529 216.989012
4530 220.704984
4531 229.883610
4532 224.196588
4533 232.487278
4534 224.751782
4535 223.253377
4536 215.154533
4537 247.795826
4538 218.200108
4539 220.797128
4540 225.355365
4541 224.979586
4542 224.908969
4543 252.925271
4544 222.737105
4545 225.008489
4546 240.877211
4547 232.430661
4548 227.718340
4549 221.444481
4550 229.805070
4551 220.029040
4552 258.504874
4553 236.423817
4554 224.944908
4555 214.551363
4556 228.873865
4557 247.662225
4558 217.812605
4559 225.039639
4560 221.421950
4561 230.138681
4562 220.336729
4563 220.357020
4564 257.174219
4565 221.271877
4566 224.717287
4567 234.707982
4568 216.454471
4569 220.686887
4570 222.777514
4571 229.165636
4572 231.489524
4573 223.679851
4574 237.667709
4575 221.631788
4576 221.597405
4577 246.547610
4578 229.580640
4579 235.209164
4580 234.272332
4581 225.082625
4582 225.137365
4583 231.508205
4584 226.922406
4585 245.498566
4586 236.753143
4587 234.748043
4588 222.312412
4589 230.066467
4590 238.159134
4591 246.767091
4592 223.942575
4593 242.086651
4594 235.739169
4595 233.428463
4596 234.017425
4597 232.038779
4598 238.118712
4599 235.583815
4600 229.677235
4601 238.562533
4602 224.364168
4603 239.813941
4604 232.667162
4605 234.879649
4606 234.816436
4607 236.449219
4608 250.929030
4609 236.704479
4610 249.723396
4611 229.930248
4612 246.412365
4613 238.134858
4614 234.320250
4615 241.059461
4616 241.424409
4617 236.767120
4618 249.883119
4619 237.516882
4620 239.614820
4621 232.852390
4622 280.424128
4623 287.601221
4624 232.137545
4625 240.405201
4626 236.555319
4627 235.818154
4628 244.256032
4629 247.138877
4630 229.013627
4631 245.004447
4632 235.692699
4633 228.285727
4634 243.558070
4635 247.976790
4636 245.358291
4637 287.962335
4638 249.332761
4639 245.351338
4640 236.427620
4641 248.739574
4642 250.390513
4643 236.214852
4644 245.451922
4645 253.259451
4646 245.770688
4647 249.694357
4648 242.713213
4649 256.739607
4650 243.616122
4651 244.134590
4652 243.189059
4653 250.729737
4654 248.129446
4655 239.630809
4656 236.635252
4657 247.336899
4658 250.744676
4659 241.130439
4660 248.822149
4661 248.668053
4662 255.508534
4663 246.793875
4664 246.450431
4665 251.950792
4666 254.404662
4667 257.038466
4668 255.622327
4669 250.654070
4670 263.835418
4671 244.708605
4672 252.059967
4673 242.497218
4674 250.177115
4675 258.859969
4676 251.151747
4677 242.017635
4678 248.966129
4679 252.331675
4680 253.092926
4681 246.714491
4682 264.417203
4683 252.810185
4684 247.213946
4685 255.053169
4686 243.036299
4687 240.703203
4688 254.141480
4689 275.369398
4690 243.910807
4691 260.170062
4692 263.713424
4693 252.559629
4694 246.143365
4695 251.077281
4696 251.764786
4697 257.753647
4698 256.321791
4699 251.662443
4700 305.257088
4701 252.050137
4702 248.796992
4703 252.490323
4704 252.701480
4705 258.317217
4706 250.727935
4707 250.343149
4708 259.539695
4709 257.132930
4710 254.047395
4711 255.061099
4712 249.895046
4713 251.036245
4714 262.856317
4715 271.581263
4716 264.726666
4717 248.333215
4718 253.087285
4719 266.587489
4720 244.027962
4721 270.834379
4722 263.241653
4723 257.664690
4724 252.811957
4725 256.954191
4726 257.553948
4727 254.702194
4728 304.692083
4729 273.052947
4730 272.193591
4731 261.232176
4732 266.080030
4733 262.714852
4734 268.075314
4735 267.963132
4736 251.970602
4737 254.353051
4738 258.276452
4739 268.581028
4740 263.189196
4741 266.501272
4742 289.001192
4743 262.698402
4744 260.252252
4745 264.690235
4746 253.543694
4747 257.136620
4748 257.736232
4749 255.554735
4750 264.417785
4751 267.883999
4752 255.878000
4753 261.151631
4754 256.213740
4755 265.907570
4756 277.574699
4757 273.681372
4758 265.568017
4759 261.640044
4760 259.677257
4761 261.748219
4762 273.049459
4763 266.700452
4764 314.403865
4765 304.797188
4766 263.575593
4767 260.576802
4768 262.838446
4769 270.881719
4770 267.969933
4771 260.918283
4772 274.677960
4773 265.272660
4774 274.992024
4775 267.531436
4776 272.840337
4777 273.837881
4778 272.034739
4779 263.210418
4780 325.659458
4781 269.331117
4782 265.597539
4783 268.190290
4784 273.292730
4785 263.180530
4786 277.310740
4787 264.238220
4788 264.856027
4789 265.159939
4790 268.522254
4791 271.164049
4792 274.133946
4793 276.669586
4794 301.561204
4795 271.506674
4796 254.797511
4797 284.830776
4798 280.731731
4799 272.817063
4800 276.487933
4801 286.714102
4802 270.598308
4803 275.661845
4804 275.252088
4805 265.184642
4806 268.009343
4807 275.143403
4808 295.142985
4809 274.493395
4810 273.045304
4811 287.000859
4812 274.743319
4813 277.025863
4814 260.232163
4815 276.558869
4816 321.284849
4817 280.846987
4818 279.496095
4819 270.657668
4820 286.170568
4821 279.636862
4822 276.509755
4823 277.809062
4824 273.896334
4825 286.260370
4826 268.805438
4827 284.718728
4828 278.383376
4829 272.489608
4830 276.610149
4831 286.735656
4832 285.519465
4833 286.029401
4834 273.149859
4835 284.648586
4836 278.466517
4837 276.573761
4838 284.795015
4839 271.526228
4840 273.445895
4841 282.470466
4842 342.805815
4843 285.542430
4844 280.042496
4845 283.409941
4846 290.251211
4847 284.512807
4848 298.240831
4849 281.730983
4850 292.093145
4851 274.360273
4852 280.578767
4853 285.327467
4854 286.638826
4855 291.758516
4856 284.140440
4857 283.318100
4858 276.868165
4859 297.523946
4860 283.498693
4861 288.755822
4862 274.321502
4863 275.244701
4864 285.290628
4865 282.164978
4866 274.711878
4867 292.432092
4868 281.276501
4869 280.066787
4870 288.010716
4871 287.395224
4872 291.288355
4873 287.536917
4874 282.884215
4875 283.230231
4876 292.256759
4877 287.695522
4878 290.183430
4879 291.157978
4880 291.078284
4881 293.699255
4882 290.400418
4883 281.154995
4884 287.282648
4885 282.288621
4886 286.177038
4887 286.194319
4888 284.673465
4889 289.437266
4890 281.805010
4891 279.152041
4892 287.511727
4893 306.562605
4894 279.803179
4895 291.196997
4896 284.572725
4897 293.007693
4898 299.202849
4899 308.376547
4900 282.834866
4901 296.953666
4902 289.419945
4903 278.542718
4904 292.969671
4905 288.286915
4906 283.284137
4907 296.533805
4908 300.167083
4909 296.201585
4910 304.204278
4911 294.094186
4912 321.703753
4913 293.409696
4914 290.747690
4915 298.230333
4916 300.031695
4917 290.186418
4918 333.272314
4919 289.185756
4920 367.362338
4921 291.848467
4922 299.598189
4923 298.994511
4924 304.877463
4925 310.327604
4926 292.399691
4927 303.513347
4928 298.668310
4929 306.402656
4930 293.204981
4931 288.495377
4932 316.693758
4933 296.166991
4934 282.941031
4935 307.251520
4936 292.186552
4937 306.357601
4938 294.735978
4939 297.284687
4940 302.128441
4941 292.610267
4942 315.967985
4943 292.157840
4944 301.420600
4945 299.126532
4946 300.031914
4947 301.772932
4948 308.417273
4949 299.114936
4950 293.685111
4951 304.365552
4952 298.308667
4953 297.718850
4954 309.374752
4955 299.215206
4956 298.546436
4957 294.265685
4958 297.789041
4959 296.332126
4960 307.913377
4961 309.864278
4962 307.409262
4963 317.341470
4964 306.307255
4965 308.915200
4966 291.930722
4967 311.202426
4968 308.423757
4969 318.107502
4970 303.152958
4971 305.774316
4972 324.399343
4973 312.895279
4974 316.843923
4975 302.251588
4976 307.605127
4977 302.786470
4978 315.100835
4979 309.707031
4980 298.465166
4981 357.718456
4982 302.349601
4983 311.639297
4984 310.416297
4985 315.180046
4986 312.523267
4987 332.756201
4988 305.405976
4989 307.288540
4990 320.013910
4991 312.197182
4992 302.943243
4993 313.870403
4994 314.416309
4995 324.885588
4996 303.696587
4997 331.401014
4998 326.164462
4999 313.402683
5000 320.635902
