2500 134.255840 2.504920
2501 172.191249 2.841285
2502 148.921006 2.719720
2503 140.800430 2.629703
2504 185.645054 3.086652
2505 175.583171 2.834068
2506 135.614416 2.575479
2507 135.714229 2.578789
2508 151.059872 2.674696
2509 174.218501 3.014509
2510 169.869884 2.954734
2511 181.715175 3.128075
2512 172.228235 3.017624
2513 186.892728 3.088280
2514 157.440330 2.796849
2515 143.460996 2.640044
2516 158.187513 2.791154
2517 156.404669 2.675109
2518 160.125334 2.806792
2519 169.585717 2.793444
2520 139.979378 2.438969
2521 169.457604 2.946795
2522 176.823328 3.034730
2523 141.076680 2.546225
2524 143.517400 2.652587
2525 169.455843 2.918809
2526 134.715677 2.558287
2527 156.866840 2.693764
2528 158.959333 2.718660
2529 141.067704 2.664021
2530 144.895088 2.587104
2531 194.757232 3.295786
2532 174.529157 3.054476
2533 160.651428 2.744865
2534 160.831738 2.839178
2535 141.961947 2.667855
2536 190.372414 2.985179
2537 148.461555 2.695631
2538 145.325625 2.495688
2539 148.430189 2.696643
2540 167.993189 2.861661
2541 163.964519 2.860565
2542 177.577400 3.110000
2543 175.331447 2.949371
2544 149.157044 2.709908
2545 170.484468 2.858788
2546 146.088894 2.674987
2547 162.242854 2.753398
2548 157.046811 2.819219
2549 165.222637 2.848219
2550 153.438092 2.660974
2551 194.290948 3.058707
2552 181.301401 2.951361
2553 166.806833 2.816868
2554 189.508604 3.150799
2555 157.768465 2.740081
2556 170.597239 2.867399
2557 197.031508 3.274793
2558 177.797247 3.063138
2559 166.251177 2.835488
2560 192.874716 3.291571
2561 162.374852 2.790545
2562 133.818633 2.534094
2563 195.257502 3.310086
2564 143.790839 2.704323
2565 164.512332 2.579678
2566 168.383682 2.924271
2567 186.636587 3.162711
2568 148.993987 2.548853
2569 192.729846 3.126170
2570 194.023788 3.286178
2571 172.626998 2.892626
2572 164.961723 2.808530
2573 181.596013 2.966895
2574 160.737144 2.772764
2575 198.325423 3.352737
2576 193.182650 3.219536
2577 176.338346 2.960171
2578 200.054788 3.277563
2579 184.158126 3.130437
2580 151.615093 2.710205
2581 142.911788 2.449812
2582 139.473660 2.422656
2583 180.273047 3.062406
2584 140.154757 2.637073
2585 168.761093 2.864081
2586 170.335412 2.886585
2587 148.049308 2.594544
2588 199.934988 3.188649
2589 168.363172 2.862629
2590 178.394541 2.978826
2591 163.515372 2.787064
2592 182.839903 2.991148
2593 182.278542 3.018345
2594 182.814678 3.125493
2595 139.348446 2.725015
2596 171.432581 2.972130
2597 149.710301 2.654688
2598 173.646776 2.927403
2599 175.577146 2.940936
2600 168.075282 2.635575
2601 187.284617 3.209258
2602 154.190429 2.693229
2603 180.494766 2.980165
2604 191.252329 3.110003
2605 216.181149 3.590753
2606 183.065462 3.101025
2607 161.201508 2.706221
2608 196.262630 3.316870
2609 154.320270 2.898852
2610 173.240202 2.925224
2611 174.825033 2.944908
2612 174.179154 2.947535
2613 166.364370 2.848918
2614 173.225247 2.984332
2615 214.441360 3.546409
2616 187.496068 3.069700
2617 204.070831 3.345871
2618 197.574242 3.336664
2619 191.661241 3.093770
2620 199.846694 3.295460
2621 160.589817 2.797218
2622 197.716042 3.395444
2623 177.879588 2.980382
2624 178.506429 3.060702
2625 173.131317 2.935430
2626 151.948243 2.828487
2627 179.283712 3.042423
2628 166.211479 2.881668
2629 167.446829 2.872252
2630 179.340785 3.015121
2631 187.710658 3.107180
2632 190.184355 3.212483
2633 171.367626 2.922020
2634 193.678486 3.356083
2635 203.566581 3.231124
2636 196.788772 3.183163
2637 187.788496 3.111494
2638 198.179918 3.186948
2639 175.820944 3.001132
2640 176.181038 3.035433
2641 189.224132 3.235800
2642 187.910914 3.222061
2643 217.756194 3.430932
2644 147.351261 2.815630
2645 189.245414 3.141544
2646 199.789754 3.364151
2647 145.668830 2.827888
2648 186.614257 3.201530
2649 207.469112 3.480239
2650 168.391902 2.974796
2651 214.797331 3.551701
2652 192.470325 3.286638
2653 187.973121 3.141318
2654 191.723029 3.250966
2655 188.185342 3.139665
2656 174.321457 2.993389
2657 184.114470 3.091641
2658 173.517409 3.010109
2659 201.130391 3.389546
2660 170.483474 2.943462
2661 193.595048 3.301795
2662 167.271438 2.846919
2663 161.140974 2.811579
2664 194.338572 3.195373
2665 197.505543 3.401770
2666 198.577762 3.408864
2667 197.472931 3.369916
2668 177.090666 3.024342
2669 208.016680 3.320926
2670 187.759771 3.150769
2671 191.486719 3.266606
2672 157.565107 2.692603
2673 193.160049 3.324555
2674 199.529314 3.428845
2675 207.131615 3.319674
2676 188.609825 3.233214
2677 183.366093 3.103588
2678 197.216020 3.411327
2679 183.123768 3.112201
2680 193.394577 3.294671
2681 188.341338 3.196748
2682 183.417200 3.142241
2683 194.901970 3.337673
2684 190.283700 3.191905
2685 159.445045 2.689910
2686 188.250129 3.170527
2687 196.180457 3.237636
2688 190.571631 3.186214
2689 177.734809 3.063246
2690 202.824609 3.373086
2691 198.170814 3.336371
2692 185.748695 3.208958
2693 201.449618 3.460262
2694 192.597018 3.211406
2695 190.531784 3.201345
2696 202.020019 3.425440
2697 213.755533 3.631090
2698 205.447760 3.511340
2699 187.616527 3.146463
2700 213.167580 3.405837
2701 217.355430 3.637410
2702 192.449885 3.355184
2703 200.366936 3.366801
2704 199.707843 3.418445
2705 225.835377 3.549646
2706 188.190730 3.178340
2707 173.126314 2.966119
2708 191.870854 3.224007
2709 220.869069 3.710111
2710 180.808773 3.092424
2711 203.216193 3.475503
2712 215.072909 3.422751
2713 220.247486 3.664803
2714 193.199223 3.290125
2715 196.568109 3.286638
2716 212.763912 3.435849
2717 205.466628 3.361836
2718 205.762455 3.417137
2719 193.838378 3.258993
2720 185.382116 2.999184
2721 206.140475 3.447759
2722 201.436230 3.439868
2723 180.714286 3.107893
2724 228.638273 3.866838
2725 182.207849 3.208164
2726 233.151734 3.888953
2727 195.060896 3.332691
2728 180.117044 3.120382
2729 212.300176 3.590502
2730 190.566526 3.215485
2731 194.337085 3.286755
2732 207.234241 3.529956
2733 232.630243 3.848543
2734 208.627367 3.607354
2735 183.038737 3.042470
2736 200.523727 3.445048
2737 213.367117 3.527770
2738 196.541509 3.305849
2739 191.797521 3.243610
2740 189.408559 3.234531
2741 209.665780 3.623311
2742 191.252063 3.242013
2743 205.570990 3.482989
2744 173.369935 3.064642
2745 197.449864 3.360109
2746 196.550807 3.374955
2747 228.968677 3.921554
2748 212.603183 3.455288
2749 182.594332 3.206117
2750 199.446548 3.436303
2751 216.102578 3.504667
2752 219.692607 3.756048
2753 198.779046 3.395485
2754 201.427217 3.432474
2755 196.874055 3.347774
2756 224.524506 3.828317
2757 178.627023 3.147092
2758 217.329486 3.590689
2759 209.379399 3.448272
2760 204.579012 3.529425
2761 208.188910 3.432830
2762 215.761406 3.499216
2763 190.387913 3.252379
2764 200.303654 3.429254
2765 210.976966 3.654174
2766 189.033129 3.237469
2767 222.294985 3.784078
2768 220.092568 3.737845
2769 212.812506 3.629543
2770 205.064187 3.423501
2771 166.018615 2.848060
2772 178.613552 3.128228
2773 210.915603 3.482519
2774 201.035946 3.418910
2775 232.686319 3.858881
2776 200.227883 3.486750
2777 196.714279 3.334906
2778 200.353002 3.367292
2779 212.856924 3.568553
2780 209.300218 3.616240
2781 190.408718 3.240725
2782 205.286734 3.474594
2783 226.216449 3.693190
2784 197.161295 3.091402
2785 221.049132 3.611672
2786 203.923833 3.515014
2787 208.324508 3.486352
2788 221.718896 3.816027
2789 224.927002 3.824650
2790 202.268774 3.419651
2791 199.587556 3.425174
2792 233.075615 3.993416
2793 198.022368 3.363998
2794 197.915368 3.374948
2795 204.066314 3.461669
2796 209.448229 3.652520
2797 196.680388 3.309125
2798 219.609066 3.609643
2799 219.505758 3.761212
2800 227.065291 3.866735
2801 230.964624 3.892268
2802 231.212555 3.979476
2803 216.343241 3.647782
2804 223.716755 3.692996
2805 244.690279 4.118057
2806 209.141059 3.533606
2807 229.475393 3.896130
2808 216.735926 3.597547
2809 220.906714 3.688518
2810 203.225489 3.481239
2811 192.204694 3.198397
2812 229.153015 3.846807
2813 227.305029 3.661537
2814 187.267955 3.072049
2815 214.857666 3.637577
2816 232.956169 3.942315
2817 213.702796 3.640682
2818 203.143996 3.455166
2819 208.861933 3.556807
2820 193.105485 3.327769
2821 210.784008 3.546011
2822 227.621507 3.906914
2823 223.290425 3.729949
2824 205.810326 3.550924
2825 257.747695 4.186263
2826 223.407244 3.801653
2827 221.561463 3.869983
2828 232.764202 3.773512
2829 238.226601 4.072690
2830 202.177428 3.446307
2831 188.718403 3.175852
2832 182.044725 3.130894
2833 227.397822 3.808078
2834 203.792417 3.505352
2835 241.969916 3.913819
2836 213.516813 3.579849
2837 219.603780 3.663521
2838 235.797378 3.844962
2839 233.874920 3.993749
2840 220.625159 3.726584
2841 231.779351 3.865020
2842 238.614043 4.044731
2843 216.429121 3.691738
2844 217.288806 3.660147
2845 217.738264 3.708324
2846 219.239907 3.659893
2847 185.011330 3.078503
2848 215.099164 3.623783
2849 242.185410 3.924214
2850 239.468201 4.091355
2851 253.283465 4.212305
2852 221.388208 3.755765
2853 201.019126 3.331102
2854 186.050579 3.192828
2855 211.075681 3.509689
2856 240.427084 4.061327
2857 233.571071 3.804464
2858 226.465342 3.912565
2859 212.334546 3.589983
2860 249.842663 4.071047
2861 237.105668 3.949834
2862 191.608069 3.275969
2863 218.949569 3.675741
2864 222.856120 3.773050
2865 230.880766 3.887636
2866 233.977792 4.008825
2867 243.979009 3.976434
2868 232.124286 3.825367
2869 243.086853 4.079731
2870 242.838269 4.126804
2871 213.102369 3.605342
2872 244.374743 4.074866
2873 249.028793 4.178924
2874 219.659828 3.734968
2875 253.772615 4.314666
2876 251.901573 4.199631
2877 231.125563 3.914963
2878 253.258932 4.271200
2879 202.956270 3.495870
2880 236.753710 3.935465
2881 221.451924 3.753049
2882 206.361955 3.407675
2883 231.246220 3.935929
2884 231.738892 3.832971
2885 239.295191 4.003626
2886 232.132152 3.839146
2887 231.630544 3.818179
2888 261.552035 4.386556
2889 241.290794 4.048090
2890 196.550770 3.243102
2891 228.605967 3.807165
2892 227.051159 3.810731
2893 231.358758 3.903997
2894 237.033200 4.012832
2895 234.106715 3.880993
2896 244.802760 4.023271
2897 234.197295 3.963589
2898 228.306981 3.822648
2899 243.773918 4.125654
2900 246.781630 4.102720
2901 232.944617 3.792034
2902 254.718254 4.255035
2903 235.844824 3.988974
2904 235.752889 3.940062
2905 234.207763 3.963557
2906 222.908677 3.749042
2907 222.935599 3.690052
2908 205.553809 3.498090
2909 261.727755 4.136823
2910 228.943163 3.838136
2911 244.013414 4.060917
2912 266.109327 4.394013
2913 191.187585 3.196621
2914 209.474447 3.484440
2915 246.097468 4.089387
2916 242.953714 4.127565
2917 225.658748 3.860231
2918 247.299129 4.178729
2919 254.280883 4.306729
2920 256.441849 4.347140
2921 259.306916 4.187036
2922 226.311834 3.878772
2923 261.857695 4.166999
2924 216.357729 3.564315
2925 243.433041 4.164639
2926 237.361474 4.003920
2927 260.425725 4.338341
2928 247.910397 4.152997
2929 236.724582 4.071538
2930 244.608305 4.187902
2931 244.923181 4.111858
2932 261.959187 4.324879
2933 260.107089 4.254470
2934 237.517461 4.030571
2935 271.243660 4.528036
2936 250.541536 4.157553
2937 224.383770 3.698991
2938 248.438584 4.168644
2939 248.160816 4.045545
2940 240.609584 4.035054
2941 268.451931 4.399202
2942 249.183645 4.204711
2943 275.440663 4.528844
2944 225.768117 3.544708
2945 239.638332 4.056944
2946 267.777074 4.503246
2947 231.859025 3.910719
2948 264.177306 4.439220
2949 271.091288 4.508243
2950 253.085903 4.219763
2951 231.410462 3.900381
2952 246.986422 4.235115
2953 271.763537 4.438890
2954 244.993110 4.133671
2955 236.845582 4.053047
2956 229.830208 3.893394
2957 251.365491 4.084239
2958 264.770452 4.296016
2959 256.850403 4.262474
2960 245.810912 4.067448
2961 254.863637 4.288413
2962 230.051603 3.886065
2963 242.198248 4.087335
2964 241.622387 4.062386
2965 215.880910 3.526794
2966 261.366361 4.383055
2967 240.394315 4.023309
2968 245.467599 4.074983
2969 253.865923 4.228736
2970 267.839021 4.242428
2971 255.429405 4.246100
2972 263.203940 4.422640
2973 254.555062 4.330700
2974 272.506937 4.546899
2975 245.895308 4.146771
2976 244.453149 4.078471
2977 269.156074 4.506966
2978 257.613583 4.323140
2979 267.010604 4.404725
2980 238.815394 4.018703
2981 262.458106 4.456739
2982 235.119263 3.979394
2983 270.937611 4.567256
2984 249.355870 4.184722
2985 279.659944 4.441612
2986 232.369222 3.920702
2987 251.081916 4.158724
2988 269.467929 4.542887
2989 219.617426 3.676859
2990 234.650620 3.996027
2991 262.010715 4.415296
2992 237.996316 3.983576
2993 265.740667 4.482829
2994 242.806411 4.118227
2995 259.931838 4.382329
2996 275.500886 4.673947
2997 238.564342 4.071483
2998 245.860013 4.098064
2999 244.283716 4.086715
3000 246.175405 4.102586
3001 257.767994 4.198429
3002 250.542364 4.170527
3003 284.822349 4.678462
3004 256.881201 4.317130
3005 259.871071 4.354476
3006 276.200096 4.684959
3007 261.685483 4.368372
3008 279.896089 4.677593
3009 255.371946 4.300722
3010 264.385452 4.372753
3011 264.779257 4.391196
3012 263.710242 4.498046
3013 275.165820 4.616976
3014 263.161538 4.408427
3015 281.431688 4.516190
3016 215.802122 3.639119
3017 256.596480 4.233417
3018 243.902781 4.085060
3019 283.100964 4.497563
3020 271.715701 4.603489
3021 234.944537 3.883845
3022 258.194595 4.406524
3023 227.342496 3.756749
3024 271.540289 4.441140
3025 266.289548 4.403772
3026 216.967361 3.654340
3027 207.468043 3.482741
3028 248.267082 4.136858
3029 294.354819 4.777878
3030 268.436183 4.523063
3031 279.832142 4.436293
3032 252.613411 4.210482
3033 285.375684 4.781819
3034 230.834290 3.878297
3035 265.483563 4.385166
3036 254.724711 4.337864
3037 262.343361 4.420528
3038 261.194754 4.477042
3039 264.155463 4.362914
3040 259.401485 4.282575
3041 246.445462 4.162743
3042 257.881621 4.275123
3043 278.523691 4.611641
3044 291.193847 4.785256
3045 284.884889 4.648080
3046 270.717232 4.548791
3047 263.334328 4.415154
3048 266.444516 4.445129
3049 266.778109 4.477359
3050 278.424996 4.670799
3051 258.109549 4.310864
3052 270.846097 4.516223
3053 273.144811 4.551070
3054 266.927207 4.467766
3055 281.145298 4.618518
3056 296.460062 4.887041
3057 287.823417 4.747720
3058 275.111681 4.522043
3059 226.433413 3.776436
3060 280.539983 4.609194
3061 284.419803 4.762244
3062 265.107648 4.381362
3063 280.436554 4.607409
3064 289.894690 4.870491
3065 287.393307 4.821024
3066 273.086133 4.584047
3067 288.247068 4.797792
3068 240.935929 4.025045
3069 284.206769 4.773062
3070 274.185283 4.613797
3071 280.306544 4.676639
3072 288.967529 4.811693
3073 303.981354 5.012763
3074 285.050637 4.837414
3075 269.968836 4.369574
3076 256.672411 4.340769
3077 246.473490 4.173409
3078 281.951811 4.676802
3079 276.304606 4.543219
3080 280.715212 4.566538
3081 266.642254 4.515815
3082 281.207022 4.719830
3083 239.992303 3.979432
3084 291.537364 4.873696
3085 280.114291 4.663119
3086 261.115778 4.363173
3087 274.384823 4.632397
3088 240.737784 3.962157
3089 274.077732 4.588077
3090 294.583505 4.974166
3091 291.271964 4.782511
3092 281.036895 4.731300
3093 251.239165 4.147444
3094 273.419398 4.521828
3095 287.134144 4.741964
3096 280.150769 4.755913
3097 281.306407 4.659309
3098 274.276114 4.672713
3099 274.894321 4.621715
3100 267.112111 4.505035
3101 229.710544 3.853958
3102 276.269457 4.627361
3103 280.698823 4.691584
3104 272.222660 4.511046
3105 279.374197 4.576092
3106 281.253074 4.584313
3107 284.952919 4.735135
3108 259.623193 4.270434
3109 263.090025 4.404154
3110 289.788227 4.765453
3111 276.542528 4.580455
3112 293.943322 4.903128
3113 258.871510 4.385029
3114 296.650344 4.846445
3115 253.481440 4.327971
3116 277.401913 4.654371
3117 296.734709 5.006436
3118 266.282401 4.492377
3119 297.895629 4.895678
3120 277.342447 4.646105
3121 274.161824 4.567074
3122 289.036645 4.770970
3123 296.540224 4.950350
3124 306.000985 5.177450
3125 283.334979 4.791757
3126 280.518339 4.538722
3127 276.499802 4.595104
3128 289.353865 4.768218
3129 263.957943 4.400639
3130 276.947844 4.573116
3131 299.424506 5.027322
3132 285.824288 4.834401
3133 247.571377 4.016996
3134 280.176243 4.612756
3135 284.643499 4.819489
3136 270.621002 4.526217
3137 299.052535 4.748096
3138 267.879341 4.512273
3139 294.472694 4.873545
3140 274.244918 4.577835
3141 304.653827 5.132078
3142 307.346040 5.143641
3143 257.552206 4.373654
3144 311.148102 5.249199
3145 284.793270 4.766360
3146 292.084168 4.799122
3147 269.450578 4.521630
3148 293.325743 4.804733
3149 290.669064 4.841796
3150 274.292817 4.595653
3151 291.185651 4.900996
3152 289.641293 4.830037
3153 274.147034 4.603286
3154 288.127895 4.940055
3155 313.644151 5.227423
3156 285.759513 4.790459
3157 251.519562 4.226796
3158 273.857947 4.602907
3159 281.497571 4.686394
3160 303.168956 5.025963
3161 291.360423 4.893882
3162 250.208590 4.218323
3163 269.322667 4.640503
3164 265.329788 4.457438
3165 284.382754 4.745884
3166 297.990028 5.088465
3167 285.186653 4.714013
3168 296.336670 4.950321
3169 318.193665 5.218781
3170 304.836421 4.987960
3171 312.390697 5.266371
3172 299.955535 4.981569
3173 311.273896 5.039184
3174 316.983903 5.066804
3175 319.189402 5.092065
3176 268.254924 4.431511
3177 264.374526 4.618107
3178 253.111199 4.339795
3179 303.796716 5.087819
3180 270.170086 4.424302
3181 331.172048 5.557480
3182 273.257657 4.664866
3183 266.241369 4.450897
3184 307.313756 5.089560
3185 278.393895 4.685882
3186 265.799572 4.380010
3187 289.705350 5.014097
3188 282.786475 4.820444
3189 323.162833 5.361833
3190 293.159553 4.918122
3191 260.062210 4.373155
3192 286.529956 4.967659
3193 313.477345 5.142023
3194 282.242875 4.896577
3195 239.169366 4.020327
3196 266.743798 4.641948
3197 311.848359 5.172280
3198 297.201182 5.086825
3199 297.121946 4.973387
3200 305.608409 5.070926
3201 276.165776 4.764815
3202 301.931417 5.054593
3203 300.880111 5.117185
3204 298.616539 4.988245
3205 286.287257 4.829157
3206 308.185343 5.103506
3207 292.440655 5.013840
3208 318.687523 5.220685
3209 253.836931 4.461153
3210 328.388158 5.533300
3211 280.437746 4.850334
3212 282.770445 4.850344
3213 303.952537 5.002765
3214 337.318651 5.551761
3215 302.113118 5.206234
3216 242.482237 4.121225
3217 284.091202 4.773127
3218 289.444075 4.908999
3219 318.645334 5.269177
3220 315.521971 5.234643
3221 311.209790 5.187816
3222 317.508897 5.310838
3223 272.873240 4.764579
3224 327.477196 5.279734
3225 304.048345 5.128448
3226 316.029554 5.204961
3227 265.587681 4.497780
3228 276.859402 4.721200
3229 288.577056 5.045303
3230 296.474702 5.137337
3231 294.979861 4.942102
3232 258.734606 4.486095
3233 260.477862 4.516443
3234 270.285568 4.779914
3235 316.189614 5.208366
3236 311.097512 5.167176
3237 340.006907 5.656948
3238 327.959010 5.388558
3239 315.296725 5.354719
3240 299.183868 5.090860
3241 288.295657 5.029075
3242 290.388024 4.896121
3243 331.792170 5.374404
3244 285.538897 4.957420
3245 321.507393 5.354204
3246 294.333667 4.871132
3247 307.579209 5.189626
3248 349.130887 5.594399
3249 286.786207 5.010561
3250 321.457421 5.276068
3251 328.363438 5.475282
3252 283.531827 4.945510
3253 291.595274 4.971735
3254 323.922934 5.537695
3255 267.454339 4.669467
3256 324.590825 5.276446
3257 332.578046 5.598742
3258 281.931463 4.891424
3259 300.255392 5.235192
3260 254.508225 4.434027
3261 289.943228 4.799291
3262 320.153805 5.420900
3263 319.437236 5.267484
3264 351.903028 5.763838
3265 265.595948 4.280271
3266 313.973809 5.171733
3267 295.049237 5.016792
3268 287.530100 4.867345
3269 325.566793 5.330440
3270 332.102814 5.630728
3271 349.766987 6.039262
3272 373.886601 6.275276
3273 304.525942 5.226472
3274 239.149451 4.283163
3275 341.198896 5.560244
3276 315.210310 5.419149
3277 330.514998 5.354902
3278 306.703339 5.164290
3279 277.114926 4.895855
3280 292.535307 5.074640
3281 328.396907 5.424391
3282 298.575515 4.913537
3283 269.217741 4.577497
3284 326.837534 5.526835
3285 270.729042 4.617845
3286 349.412175 5.924339
3287 337.993020 5.489598
3288 297.817418 5.172462
3289 343.578123 5.711434
3290 300.345658 5.148477
3291 364.777274 6.172368
3292 339.084397 5.580714
3293 293.821050 5.169484
3294 318.824205 5.456327
3295 339.835096 5.733351
3296 291.469745 4.937580
3297 332.807941 5.641122
3298 345.880195 5.697875
3299 366.783437 6.140009
3300 332.629742 5.483575
3301 286.987560 4.883084
3302 341.671807 5.649435
3303 357.436892 6.047452
3304 302.053346 5.066646
3305 296.239200 4.915542
3306 303.360589 5.209950
3307 293.920432 5.137463
3308 331.641065 5.566158
3309 338.520003 5.670272
3310 345.481557 5.533116
3311 338.080133 5.565811
3312 339.684984 5.623343
3313 307.435217 5.276081
3314 275.849693 4.635653
3315 327.598237 5.522026
3316 329.917458 5.477270
3317 303.463316 5.242628
3318 356.259782 5.945353
3319 313.984102 5.538386
3320 284.184947 4.911319
3321 336.419585 5.623001
3322 274.944424 4.715209
3323 297.072062 4.853397
3324 343.279465 5.722043
3325 353.905898 6.117881
3326 323.221892 5.631507
3327 327.417074 5.618461
3328 343.036753 5.751100
3329 345.462155 5.720174
3330 298.534578 5.280339
3331 335.426881 5.558015
3332 361.316899 6.072463
3333 344.688835 5.811543
3334 360.361864 5.882690
3335 330.787073 5.496205
3336 308.228764 5.305194
3337 308.856738 5.316459
3338 312.681680 5.316792
3339 343.719592 5.768739
3340 310.075988 5.424478
3341 314.291106 5.385439
3342 333.026209 5.697875
3343 295.823154 5.231825
3344 321.376046 5.223060
3345 366.400874 6.341746
3346 343.222668 5.773336
3347 301.414479 5.069091
3348 297.153794 5.175702
3349 336.077864 5.716691
3350 320.921828 5.475546
3351 267.843048 4.879695
3352 336.977748 5.900145
3353 264.903341 4.728818
3354 318.804554 5.455942
3355 319.185147 5.405877
3356 332.010978 5.493767
3357 274.706363 5.074387
3358 293.450890 5.134143
3359 344.115183 5.841942
3360 375.442151 6.091189
3361 363.541298 5.981049
3362 333.538810 5.659600
3363 364.509924 6.054883
3364 368.993448 5.901127
3365 363.448242 6.175456
3366 305.671137 5.451745
3367 305.073376 5.190994
3368 306.585692 5.345779
3369 323.961729 5.600726
3370 352.537461 5.886422
3371 330.047026 5.657861
3372 344.302424 5.730326
3373 362.309660 6.084986
3374 312.538710 5.380099
3375 311.777609 5.367953
3376 324.211338 5.550056
3377 365.012056 6.106012
3378 348.439114 5.869659
3379 314.863309 5.447419
3380 360.407482 6.185880
3381 271.546933 4.776972
3382 304.083441 5.343275
3383 366.793946 6.045017
3384 372.793717 6.192094
3385 381.207492 6.300717
3386 336.793190 5.824773
3387 311.902691 5.448050
3388 358.509726 5.981198
3389 365.671063 5.840390
3390 346.677384 5.641583
3391 338.370272 5.635214
3392 318.073832 5.496770
3393 380.509007 6.160181
3394 322.308284 5.592019
3395 371.653353 6.048932
3396 276.839768 4.802897
3397 363.219278 6.109794
3398 308.246375 5.202635
3399 358.424145 5.973722
3400 318.893157 5.252078
3401 348.117417 5.854903
3402 353.676294 5.942241
3403 271.960075 4.826060
3404 359.420815 6.061732
3405 340.230934 5.709962
3406 331.991564 5.711144
3407 330.156470 5.773854
3408 326.632449 5.466776
3409 381.705813 6.430103
3410 381.657848 6.346117
3411 359.023577 5.987532
3412 350.031782 5.890279
3413 303.947840 5.409086
3414 341.641969 5.853749
3415 389.928085 6.355698
3416 334.735642 5.701800
3417 321.282851 5.374977
3418 328.618592 5.610737
3419 360.228712 6.132676
3420 310.531530 5.253840
3421 302.040644 5.162798
3422 355.075810 5.773921
3423 346.779549 6.003161
3424 389.524285 6.570537
3425 361.086137 5.982747
3426 353.876589 6.030237
3427 334.358807 5.759315
3428 332.455819 5.663560
3429 379.514319 6.296019
3430 315.630362 5.551327
3431 319.436181 5.407913
3432 361.575672 6.101130
3433 307.602145 5.080052
3434 359.362753 6.112383
3435 358.993746 5.924639
3436 360.651031 6.080804
3437 344.444915 5.796187
3438 346.174720 5.881171
3439 332.198978 5.656250
3440 369.216063 6.276463
3441 324.915192 5.661485
3442 372.025742 6.234586
3443 331.930926 5.718713
3444 372.909114 6.551488
3445 333.087082 5.666924
3446 393.821566 6.597696
3447 370.340372 6.254399
3448 310.397008 5.201783
3449 314.623391 5.514059
3450 383.034826 6.379480
3451 377.692209 6.227730
3452 398.737831 6.722788
3453 380.147335 6.406384
3454 350.330685 6.028155
3455 406.538637 6.811890
3456 399.604973 6.563064
3457 369.957175 6.247844
3458 335.849541 5.756808
3459 322.324830 5.378692
3460 306.807659 5.212324
3461 386.480754 6.350603
3462 356.455290 5.958634
3463 383.333951 6.426641
3464 321.240465 5.564300
3465 343.592242 5.941908
3466 394.112084 6.336337
3467 317.582565 5.388255
3468 373.799433 6.119323
3469 293.192107 5.160757
3470 291.956625 4.965216
3471 328.837541 5.528191
3472 354.096994 6.153016
3473 351.531268 5.950577
3474 322.063157 5.585036
3475 386.696850 6.476293
3476 374.140629 6.162102
3477 320.053330 5.508379
3478 359.876773 5.996412
3479 348.500563 5.837108
3480 330.094712 5.478159
3481 397.757048 6.422889
3482 312.095584 5.243038
3483 340.539322 5.837215
3484 397.822995 6.619516
3485 312.303303 5.296767
3486 405.194999 6.750726
3487 312.984985 5.472693
3488 377.441803 6.183807
3489 372.032109 6.314386
3490 394.204336 6.468232
3491 412.760708 7.107531
3492 384.799147 6.470937
3493 311.506522 5.347936
3494 350.823890 5.974158
3495 403.826974 6.684213
3496 364.575567 6.032724
3497 341.996777 5.926028
3498 335.571329 5.676822
3499 327.974293 5.671971
3500 376.842738 6.265360
3501 310.766040 5.422927
3502 332.755009 5.639939
3503 327.581209 5.588001
3504 326.318131 5.700327
3505 340.555589 5.925369
3506 412.998054 6.874161
3507 352.876104 5.961187
3508 387.977225 6.489623
3509 312.642562 5.375098
3510 412.968080 6.816106
3511 407.106166 6.641670
3512 301.061212 5.339978
3513 386.655355 6.472552
3514 343.442724 5.847309
3515 311.129919 5.338245
3516 364.907438 6.099287
3517 392.299900 6.558995
3518 391.345672 6.568872
3519 345.304827 5.972899
3520 367.502281 6.244745
3521 313.785894 5.446532
3522 341.432431 5.959103
3523 413.144077 6.610660
3524 408.777967 6.870385
3525 340.885638 5.824658
3526 307.834275 5.315149
3527 399.082617 6.720512
3528 343.959580 6.045192
3529 407.800768 7.207102
3530 376.157519 6.286298
3531 400.911294 6.695669
3532 379.943991 6.530344
3533 392.899788 6.628044
3534 337.984178 5.751261
3535 403.271233 6.800931
3536 402.189866 6.754023
3537 374.233692 6.215481
3538 413.386738 6.837326
3539 324.181597 5.537428
3540 405.528452 6.862056
3541 418.372461 6.789158
3542 346.198243 5.862817
3543 325.681556 5.445726
3544 331.563906 5.457147
3545 375.731371 6.359821
3546 386.729739 6.590961
3547 339.849263 5.994429
3548 437.235589 7.177353
3549 405.468205 6.686995
3550 356.577996 6.174082
3551 339.549122 5.709891
3552 398.494503 6.356266
3553 314.907945 5.515772
3554 407.783983 6.791010
3555 324.576272 5.158322
3556 402.406696 6.443380
3557 329.252408 5.641629
3558 322.487622 5.508018
3559 389.043757 6.567460
3560 380.679370 6.557238
3561 373.094616 6.350113
3562 394.300384 6.638392
3563 357.313357 6.216433
3564 403.509168 6.778200
3565 323.873790 5.306738
3566 365.153920 6.232973
3567 426.142774 7.025926
3568 326.357852 5.552172
3569 408.585333 6.760069
3570 366.918100 6.292367
3571 317.170654 5.490773
3572 359.362073 6.182194
3573 337.573551 5.744912
3574 414.644416 6.985032
3575 350.865216 5.676390
3576 413.802879 6.873064
3577 321.645695 5.523526
3578 338.315636 5.627383
3579 416.927601 7.073496
3580 401.643279 6.867436
3581 356.581653 6.288265
3582 378.243054 6.410935
3583 404.380147 6.831613
3584 387.138532 6.518983
3585 335.856032 5.997575
3586 397.207545 6.757236
3587 402.036242 6.688989
3588 428.443548 7.127257
3589 440.552549 7.463433
3590 390.491615 6.688693
3591 413.969532 6.754825
3592 408.876421 6.809942
3593 414.971087 6.885521
3594 345.307620 5.819605
3595 415.937906 6.881191
3596 362.548787 6.335449
3597 423.163197 6.999481
3598 384.225346 6.605387
3599 412.257793 6.705104
3600 374.451378 6.410891
3601 362.011092 6.316818
3602 367.861764 5.996135
3603 416.165177 6.930001
3604 430.332560 7.076652
3605 413.219152 6.773469
3606 405.070835 6.834335
3607 390.221967 6.511196
3608 425.720864 7.008435
3609 433.196080 7.125704
3610 394.675482 6.612525
3611 405.716935 6.703408
3612 379.974787 6.547393
3613 335.999869 5.640009
3614 392.104792 6.486295
3615 404.839973 7.039463
3616 430.261933 7.094868
3617 384.693364 6.291273
3618 423.619974 6.967743
3619 434.030370 7.356174
3620 366.446848 6.119848
3621 432.241575 7.169104
3622 438.589426 7.319459
3623 434.306404 7.381731
3624 451.582222 7.333661
3625 320.306592 5.678441
3626 353.556983 5.870786
3627 423.964790 7.022452
3628 431.347826 7.246503
3629 435.660497 7.275709
3630 396.764505 6.735980
3631 408.435482 6.904118
3632 442.246731 7.249017
3633 400.947455 6.744962
3634 347.252530 5.760001
3635 427.180100 7.098025
3636 435.812145 7.257768
3637 352.901520 5.844845
3638 397.232440 6.829317
3639 415.675242 7.026313
3640 381.433113 6.370895
3641 332.906566 5.592823
3642 367.131823 6.165305
3643 349.057145 5.667774
3644 318.808347 5.582257
3645 420.631879 7.009938
3646 425.120818 7.128125
3647 380.862145 6.575085
3648 379.752965 6.539423
3649 425.696904 7.127131
3650 460.293633 7.602458
3651 382.827326 6.773217
3652 437.832447 7.453947
3653 337.935356 5.949696
3654 396.075103 6.717686
3655 377.237830 6.548005
3656 428.816428 7.172895
3657 387.465770 6.365206
3658 426.956701 7.065146
3659 411.285667 6.864702
3660 466.950779 7.695761
3661 442.372559 7.374542
3662 431.805337 7.227527
3663 383.168122 6.604442
3664 450.990963 7.363197
3665 431.038735 7.261660
3666 402.487495 7.037744
3667 386.191634 6.504811
3668 429.285379 7.073662
3669 426.555097 7.067891
3670 447.434362 7.360510
3671 411.027916 7.051699
3672 435.845862 7.318409
3673 395.146763 6.713025
3674 402.947249 6.759028
3675 405.194654 6.900058
3676 435.901983 7.013727
3677 445.776762 7.410819
3678 380.078620 6.509936
3679 456.173710 7.574922
3680 394.731453 6.751902
3681 454.954524 7.756073
3682 446.322125 7.596663
3683 438.329305 7.182239
3684 452.391023 7.500978
3685 422.890904 7.231562
3686 440.510485 7.363212
3687 444.849714 7.449235
3688 432.658867 7.154603
3689 401.797898 6.627800
3690 413.040668 6.878367
3691 434.613103 7.446676
3692 448.796526 7.511772
3693 441.920015 7.093224
3694 355.219070 6.229462
3695 425.877563 7.037443
3696 476.060484 7.858330
3697 447.157165 7.429131
3698 438.751782 7.501829
3699 433.303879 7.105142
3700 432.696774 7.115190
3701 386.618663 6.496428
3702 415.674486 7.109478
3703 458.869170 7.631925
3704 459.370237 7.616105
3705 448.941055 7.537504
3706 372.016809 6.070549
3707 445.551204 7.295847
3708 441.119266 7.325197
3709 434.575174 7.132034
3710 420.997427 7.010947
3711 401.312422 6.914249
3712 456.009363 7.486053
3713 458.318691 7.896599
3714 422.659096 7.024829
3715 369.976665 6.486128
3716 470.763553 7.828765
3717 380.406790 6.251863
3718 470.230445 7.895204
3719 350.500246 6.110101
3720 403.567594 6.940174
3721 455.261393 7.678721
3722 374.862718 6.220210
3723 392.814048 6.978735
3724 477.406594 7.763844
3725 447.043715 7.448681
3726 409.699502 7.012425
3727 462.143735 7.621933
3728 423.961049 7.309809
3729 437.052054 7.375073
3730 441.604023 7.492805
3731 365.738468 6.051177
3732 455.447414 7.595595
3733 454.763817 7.662849
3734 464.666989 7.765685
3735 396.481807 6.910316
3736 420.478439 7.036902
3737 429.153269 7.146249
3738 412.648319 7.139660
3739 426.497532 7.308175
3740 451.405630 7.492399
3741 366.734625 6.180425
3742 487.005389 8.000066
3743 461.550511 7.583971
3744 422.888672 7.142369
3745 449.519601 7.569778
3746 469.457404 7.759712
3747 472.328060 7.648108
3748 463.082943 7.783592
3749 380.163266 6.357141
3750 486.380520 7.908729
3751 399.614607 6.627057
3752 474.751874 7.670558
3753 481.644577 8.029265
3754 447.926429 7.561449
3755 487.675322 8.004542
3756 471.299027 7.811734
3757 434.084121 7.268568
3758 412.412757 7.029212
3759 468.793134 7.614707
3760 455.563260 7.683228
3761 451.555538 7.510510
3762 467.538334 7.846065
3763 455.475796 7.397592
3764 467.247606 7.731996
3765 469.454835 7.595936
3766 449.217660 7.581607
3767 473.580095 7.753818
3768 483.637721 8.073926
3769 400.885594 6.708618
3770 477.979298 7.861045
3771 467.677941 7.830740
3772 436.508486 7.519033
3773 471.475725 7.691069
3774 470.372173 7.822379
3775 502.999768 8.187135
3776 434.440444 7.234809
3777 445.771073 7.393673
3778 465.207332 7.859379
3779 501.560466 8.384540
3780 503.710561 8.312094
3781 473.896052 7.816189
3782 391.006686 6.586619
3783 469.890092 7.544941
3784 485.419955 7.799938
3785 464.232727 7.700707
3786 395.125315 6.531798
3787 472.082416 7.645497
3788 472.526574 7.874231
3789 470.648596 7.771553
3790 448.320323 7.432850
3791 474.351866 7.681495
3792 488.181023 7.887410
3793 463.487280 7.523087
3794 378.280954 6.332644
3795 461.462150 7.627491
3796 467.173192 7.727567
3797 476.231254 8.028873
3798 392.006198 6.528767
3799 461.760776 7.897528
3800 479.457943 8.006073
3801 483.966377 8.010787
3802 444.931718 7.453911
3803 482.029946 7.980965
3804 461.587400 7.623669
3805 432.402394 7.415825
3806 436.964422 7.274128
3807 482.263982 8.181622
3808 494.069193 8.137445
3809 505.098044 8.397158
3810 444.571334 7.459299
3811 458.591194 7.578956
3812 461.997026 7.787533
3813 509.421567 8.388797
3814 500.406679 8.214000
3815 451.023963 7.434680
3816 491.656752 8.149048
3817 420.554013 7.199693
3818 461.250884 7.525307
3819 484.635512 8.120285
3820 505.013096 8.374851
3821 455.535132 7.817196
3822 381.050193 6.558517
3823 394.069246 6.546091
3824 402.767477 6.926230
3825 509.885086 8.587177
3826 471.151904 8.034342
3827 503.998169 8.192937
3828 478.944566 7.836137
3829 471.528499 7.835308
3830 491.761598 8.178996
3831 463.495720 7.508767
3832 473.998729 7.692863
3833 467.029140 7.825451
3834 508.767406 8.529902
3835 493.930673 8.306904
3836 467.543578 8.019993
3837 485.408543 7.835927
3838 441.147566 7.453610
3839 451.145144 7.638084
3840 490.355215 7.973965
3841 494.493254 8.284031
3842 492.235655 7.966061
3843 483.510471 8.175303
3844 482.184058 8.008819
3845 515.249004 8.468147
3846 501.257092 8.289315
3847 498.479223 8.287430
3848 502.335702 8.149791
3849 486.572434 7.901629
3850 495.704087 8.159952
3851 498.538417 8.225419
3852 494.965898 8.313831
3853 478.396468 7.881584
3854 472.780592 8.140990
3855 488.915147 8.048921
3856 503.629451 8.308152
3857 500.285173 8.236773
3858 472.413789 7.784276
3859 534.158077 8.899864
3860 407.413515 6.869575
3861 492.396392 7.946787
3862 463.428639 7.699692
3863 469.142442 7.577165
3864 510.816940 8.468006
3865 459.271031 7.735266
3866 483.263641 8.038730
3867 499.908215 8.098569
3868 488.746884 7.968340
3869 486.724010 8.245909
3870 515.707258 8.405025
3871 499.221143 8.164360
3872 488.777166 8.322534
3873 495.719547 7.923159
3874 509.302475 8.453039
3875 493.238794 8.026031
3876 500.170919 8.113184
3877 499.849632 8.375213
3878 503.838603 8.240226
3879 490.841445 8.378976
3880 491.835831 8.074385
3881 488.790813 8.164283
3882 417.674506 6.846685
3883 482.405855 8.116768
3884 505.815487 8.237000
3885 491.235077 8.136603
3886 466.975770 7.967124
3887 507.904725 8.498948
3888 494.239918 8.093827
3889 533.154330 8.839797
3890 494.743415 8.067417
3891 512.167833 8.525746
3892 516.482950 8.408249
3893 437.609449 7.390353
3894 427.614115 7.205765
3895 495.621917 8.418198
3896 417.456472 6.937162
3897 509.431420 8.498596
3898 503.547217 8.377971
3899 516.110108 8.466537
3900 502.410767 8.373180
3901 520.562950 8.630267
3902 467.076092 7.845267
3903 535.855271 8.674054
3904 464.477254 7.664839
3905 524.438442 8.763524
3906 498.689713 8.193758
3907 413.520043 6.986863
3908 513.291796 8.662136
3909 521.478500 8.399059
3910 521.274442 8.617341
3911 517.030308 8.435447
3912 495.931280 8.399473
3913 445.426583 7.629902
3914 509.158993 8.336522
3915 499.054405 8.181913
3916 524.469600 8.799977
3917 535.100952 8.808746
3918 424.215815 7.184243
3919 423.997760 6.945151
3920 512.586136 8.466442
3921 533.462425 8.951191
3922 524.662535 8.713679
3923 509.480803 8.490186
3924 532.945544 8.799196
3925 505.996236 8.462159
3926 503.490276 8.298478
3927 492.221694 8.394430
3928 420.188006 7.010014
3929 535.394195 9.128014
3930 409.102777 6.922587
3931 518.074433 8.403022
3932 529.508528 8.811204
3933 470.216066 7.812897
3934 546.273247 9.034573
3935 417.713704 6.979089
3936 524.233801 8.553178
3937 514.520421 8.650314
3938 426.119192 6.984001
3939 500.039583 8.460184
3940 476.573117 8.061284
3941 519.845423 8.716080
3942 452.281388 7.497745
3943 529.298449 8.760969
3944 461.880020 7.552653
3945 544.526274 9.021331
3946 534.457828 9.002515
3947 431.871764 7.015944
3948 433.296069 7.083648
3949 526.898167 8.513515
3950 516.598978 8.402361
3951 453.162168 7.566698
3952 530.156772 8.818936
3953 473.444733 7.730219
3954 487.042061 8.245946
3955 508.455257 8.426914
3956 512.082545 8.552844
3957 535.479065 8.791609
3958 471.767128 7.908822
3959 506.396782 8.464086
3960 521.840184 8.393646
3961 521.194392 8.535015
3962 531.706646 8.614052
3963 525.314928 8.613202
3964 514.802784 8.579967
3965 536.404538 8.937377
3966 529.616952 8.914283
3967 426.336172 7.141888
3968 508.419117 8.591010
3969 509.897566 8.484094
3970 491.664164 8.273006
3971 508.171774 8.408922
3972 505.288888 8.401265
3973 522.641566 8.652194
3974 526.015553 8.482964
3975 480.673694 7.831176
3976 521.169565 8.629202
3977 508.617126 8.516996
3978 542.410404 9.167298
3979 537.398715 8.617835
3980 519.913854 8.663372
3981 534.048717 8.655639
3982 493.412901 8.093175
3983 521.087232 8.712974
3984 547.140434 9.145013
3985 564.143777 9.557322
3986 524.347057 8.615338
3987 530.948080 8.655821
3988 533.243199 8.755453
3989 532.452190 8.707303
3990 502.486885 8.453398
3991 537.667419 9.000466
3992 518.418159 8.722596
3993 489.819006 8.269863
3994 544.400240 8.932030
3995 427.956585 7.229854
3996 453.715759 7.479736
3997 512.054257 8.611707
3998 529.013544 8.851428
3999 552.170718 9.163749
4000 546.285966 9.044413
4001 540.348393 8.865998
4002 535.101811 8.698186
4003 528.177001 8.741835
4004 526.528829 8.981535
4005 444.020724 7.458099
4006 538.762351 8.770620
4007 531.852285 8.763777
4008 536.974431 8.896384
4009 532.361014 8.758069
4010 525.599811 8.637255
4011 547.348425 8.876383
4012 520.431477 8.600483
4013 550.600001 8.940082
4014 534.059006 9.118379
4015 438.657612 7.306634
4016 496.342022 8.269135
4017 540.629080 8.747923
4018 541.139261 8.885209
4019 508.146358 8.503541
4020 473.949030 7.828083
4021 551.178595 9.068944
4022 543.414964 9.145442
4023 476.888092 7.873117
4024 511.090008 8.601502
4025 523.077368 8.682140
4026 546.515252 8.996478
4027 558.700373 9.137819
4028 559.265094 9.216079
4029 527.492319 8.673009
4030 455.884587 7.625868
4031 570.496584 9.612580
4032 544.284716 8.957693
4033 557.011421 9.153326
4034 523.736257 8.434227
4035 434.869214 7.494990
4036 556.702163 9.101578
4037 457.676353 7.638399
4038 552.225084 9.238396
4039 462.468167 7.620328
4040 544.170734 9.018903
4041 543.121856 9.015021
4042 558.919664 9.151322
4043 533.056313 8.908126
4044 545.734530 9.010210
4045 564.887626 9.375083
4046 494.288648 8.265387
4047 546.082767 8.916685
4048 542.948123 8.829234
4049 562.164820 9.230668
4050 578.181234 9.622889
4051 535.449417 8.883643
4052 449.112498 7.441356
4053 545.301509 8.956746
4054 446.229187 7.445569
4055 562.040924 9.287249
4056 553.723954 8.954639
4057 564.489428 9.185448
4058 572.849436 9.452006
4059 547.152865 8.984745
4060 548.067882 8.996453
4061 554.272547 9.235098
4062 548.878531 8.913600
4063 553.176614 9.114200
4064 458.824773 7.693667
4065 524.823469 8.821745
4066 451.449038 7.551211
4067 562.014326 9.396563
4068 529.577052 8.786498
4069 563.120632 9.196861
4070 516.051857 8.447351
4071 460.898059 7.477557
4072 588.661497 9.617519
4073 560.167216 9.106623
4074 561.671629 9.185173
4075 556.380333 9.226209
4076 609.756136 10.278287
4077 586.160907 9.581156
4078 506.216290 8.491460
4079 460.654382 7.600844
4080 548.236886 9.082468
4081 579.785428 9.454957
4082 509.703503 8.387414
4083 573.615288 9.278514
4084 571.121170 9.487667
4085 569.809140 9.268337
4086 519.910226 8.612106
4087 571.672688 9.329181
4088 557.770048 8.991896
4089 580.743479 9.306647
4090 576.399005 9.419191
4091 603.743192 9.785397
4092 573.326095 9.182741
4093 588.068780 9.589452
4094 459.779189 7.663370
4095 586.481993 9.543659
4096 594.814525 9.478872
4097 531.003500 8.784376
4098 571.645178 9.348061
4099 576.562990 9.309043
4100 578.796529 9.409079
4101 578.637608 9.244310
4102 572.044034 9.223124
4103 479.044447 7.726572
4104 581.874057 9.333932
4105 589.375528 9.662474
4106 598.336829 9.627946
4107 565.992685 9.222362
4108 583.715620 9.666008
4109 567.409323 9.275461
4110 572.149123 9.312446
4111 598.778965 9.941506
4112 578.122067 9.277429
4113 571.197122 9.358249
4114 469.107516 7.704472
4115 579.918068 9.412529
4116 581.753905 9.399139
4117 604.000775 9.690881
4118 559.548841 9.175751
4119 464.278174 7.671117
4120 560.663729 9.221253
4121 509.631510 8.570417
4122 473.043174 7.750193
4123 539.515911 9.020840
4124 582.432358 9.383854
4125 572.756522 9.349408
4126 544.122191 8.844282
4127 563.707286 9.483366
4128 587.672070 9.631548
4129 595.775742 9.560408
4130 579.396215 9.238338
4131 589.357677 9.778955
4132 541.799922 8.871001
4133 483.361605 7.817378
4134 618.258551 10.123558
4135 599.799748 9.925785
4136 492.705690 8.001076
4137 605.894150 9.716143
4138 592.215259 9.821753
4139 593.274558 9.628793
4140 588.585041 9.469866
4141 567.431745 9.302827
4142 484.904590 7.903929
4143 493.245980 7.869881
4144 505.110811 8.315834
4145 529.742809 8.659946
4146 585.707180 9.451045
4147 598.434976 9.673028
4148 578.077709 9.271331
4149 543.449019 8.977336
4150 489.779869 8.009720
4151 592.973610 9.455142
4152 610.950409 9.824880
4153 594.289550 9.731740
4154 613.451017 9.973723
4155 590.298351 9.753511
4156 477.678964 7.845042
4157 595.660679 9.582443
4158 578.162003 9.427046
4159 483.257575 7.940126
4160 588.995991 9.621983
4161 590.589402 9.584087
4162 604.692580 9.778611
4163 586.461283 9.512162
4164 617.634870 10.006867
4165 598.944549 9.720601
4166 593.207553 9.559424
4167 597.574050 9.761928
4168 592.770282 9.896170
4169 586.631671 9.505815
4170 601.840338 9.754850
4171 598.359975 9.611204
4172 620.713488 10.161468
4173 486.208775 7.936184
4174 589.389182 9.610688
4175 525.220096 8.635306
4176 605.057798 9.713157
4177 613.327968 10.127375
4178 601.121210 9.784993
4179 612.380186 9.884310
4180 609.019894 9.762983
4181 598.011075 9.808694
4182 535.585442 8.674580
4183 601.013370 9.637873
4184 602.869565 9.792547
4185 596.350110 9.680040
4186 603.710034 9.903252
4187 589.404340 9.613385
4188 597.483609 9.918690
4189 489.851062 8.013042
4190 488.721449 7.836242
4191 609.530702 10.012348
4192 607.819564 9.856310
4193 616.823639 10.022524
4194 502.644158 8.126414
4195 586.920047 9.624270
4196 624.064534 10.314159
4197 564.227195 9.281255
4198 583.830977 9.751383
4199 617.666967 10.099769
4200 623.045911 10.059194
4201 611.464936 10.018060
4202 607.486206 9.908137
4203 618.829236 10.243504
4204 624.736309 10.323319
4205 607.997702 9.751533
4206 501.751950 8.320172
4207 532.165806 8.827774
4208 555.791844 8.857110
4209 615.901045 10.019182
4210 622.189300 10.348592
4211 624.762101 10.103921
4212 603.022784 9.813509
4213 612.683698 9.849927
4214 611.386551 9.826133
4215 618.846238 9.969123
4216 580.498770 9.668031
4217 624.903305 10.129141
4218 618.168851 10.076823
4219 615.735264 9.794474
4220 548.905045 8.792391
4221 623.389678 10.176795
4222 598.812182 9.724873
4223 621.316026 9.982070
4224 620.778544 9.929500
4225 621.768704 9.975225
4226 564.701640 9.092798
4227 632.639981 10.187004
4228 630.124777 10.274668
4229 637.876773 10.482700
4230 624.896854 10.223131
4231 491.813741 8.052443
4232 622.613404 9.936677
4233 608.144319 9.912959
4234 603.572318 9.980678
4235 626.466871 10.102719
4236 624.493901 10.034582
4237 627.805539 10.211658
4238 622.159624 10.035730
4239 633.780708 10.128723
4240 635.167522 10.400520
4241 647.333839 10.551309
4242 625.406709 10.160113
4243 583.213695 9.518660
4244 632.864590 10.078422
4245 583.114291 9.609423
4246 614.894340 9.936671
4247 546.354120 8.854755
4248 630.792132 10.061562
4249 619.923545 9.970296
4250 652.619307 10.596073
4251 627.946277 10.125491
4252 614.088701 10.043343
4253 512.136724 8.208229
4254 521.776791 8.448954
4255 639.698275 10.297230
4256 634.730525 10.425405
4257 633.541718 10.367206
4258 633.573399 10.364104
4259 516.133525 8.524442
4260 566.603157 9.313775
4261 597.793303 9.989540
4262 632.995965 10.370023
4263 649.332854 10.567750
4264 640.687471 10.340381
4265 636.766961 10.204800
4266 629.073796 10.156984
4267 530.255782 8.722926
4268 568.235576 9.335129
4269 549.455762 8.946362
4270 637.810588 10.469499
4271 646.554345 10.732361
4272 632.497506 10.276265
4273 637.283847 10.331262
4274 624.436432 10.185556
4275 577.253063 9.521295
4276 639.726693 10.186234
4277 639.005183 10.206839
4278 509.503485 8.415350
4279 651.998428 10.642695
4280 639.679196 10.378420
4281 652.326258 10.562098
4282 640.304704 10.315157
4283 643.556074 10.554687
4284 518.138980 8.235027
4285 644.102400 10.245900
4286 632.077891 10.355985
4287 646.821489 10.407863
4288 628.648078 10.343545
4289 651.027650 10.763825
4290 640.115462 10.260982
4291 635.122313 10.476106
4292 656.564603 10.581043
4293 673.279622 10.876431
4294 619.077796 10.022963
4295 653.828697 10.783200
4296 645.857396 10.306469
4297 625.776638 10.228945
4298 527.320218 8.582613
4299 527.907959 8.598569
4300 630.412005 10.335478
4301 564.285195 9.099193
4302 629.956783 10.265755
4303 545.596801 8.915598
4304 647.155710 10.656977
4305 638.713617 10.542847
4306 663.175987 10.923566
4307 697.063478 11.459304
4308 651.093581 10.631584
4309 583.690364 9.388216
4310 537.562643 8.840991
4311 650.850365 10.582729
4312 645.855652 10.433559
4313 597.813762 9.734290
4314 556.009941 9.121691
4315 640.407161 10.448609
4316 543.715585 8.872316
4317 647.155824 10.504467
4318 537.503328 8.740185
4319 660.850838 10.544603
4320 700.633150 11.463021
4321 641.576942 10.564478
4322 648.232998 10.445593
4323 528.529127 8.770703
4324 654.880015 10.581404
4325 665.172459 10.731014
4326 642.889987 10.509509
4327 663.044635 10.704241
4328 668.979169 10.738551
4329 600.348994 9.853343
4330 582.704226 9.548344
4331 650.441874 10.637859
4332 669.087397 10.662016
4333 668.793681 10.824892
4334 673.477763 11.196072
4335 677.803762 11.098809
4336 538.413894 8.886699
4337 660.426655 10.744118
4338 669.971657 10.774421
4339 568.347825 9.512979
4340 691.660167 11.272141
4341 549.832127 9.051212
4342 665.018348 10.968373
4343 678.281462 11.057156
4344 538.709985 8.784637
4345 658.242299 10.510338
4346 591.427066 9.696304
4347 579.998291 9.521810
4348 667.031498 10.727066
4349 609.686394 10.148312
4350 659.075166 10.864228
4351 659.503844 10.797097
4352 557.105927 9.055857
4353 673.283345 10.970683
4354 649.991969 10.587364
4355 675.572509 11.127983
4356 697.392561 11.294527
4357 670.468528 10.695324
4358 567.828593 9.141477
4359 681.909241 10.868378
4360 680.347086 10.908602
4361 676.203532 10.981584
4362 624.892316 10.159824
4363 675.086081 10.898572
4364 589.376486 9.728651
4365 646.467064 10.762666
4366 684.102733 11.311644
4367 552.652056 8.966431
4368 677.497963 10.973256
4369 666.516346 10.822250
4370 689.890387 11.258359
4371 689.010288 11.252981
4372 670.573201 10.904665
4373 690.141364 11.031410
4374 666.079015 10.968104
4375 675.177325 10.839603
4376 669.181835 11.040798
4377 559.122906 9.065611
4378 562.837895 9.371366
4379 698.632983 11.404414
4380 669.220719 10.913988
4381 695.931376 11.550005
4382 680.067650 10.996427
4383 676.592375 11.061577
4384 696.051223 11.275076
4385 676.936828 10.900162
4386 641.693566 10.518105
4387 687.818352 10.942503
4388 700.225186 11.433396
4389 691.574519 11.233804
4390 576.393731 9.394263
4391 629.459096 10.296384
4392 704.982251 11.336026
4393 715.687613 11.514856
4394 704.041210 11.281007
4395 684.906335 11.353588
4396 685.254039 11.115637
4397 694.039055 11.211011
4398 667.164421 10.684439
4399 571.335074 9.313606
4400 695.755964 11.111047
4401 709.413637 11.541889
4402 661.438490 10.777236
4403 679.195959 11.032924
4404 688.346609 11.249934
4405 684.705335 10.971716
4406 693.185912 11.297430
4407 703.738422 11.244424
4408 627.799804 10.491317
4409 670.713880 10.952284
4410 697.714081 11.243053
4411 653.742846 10.753235
4412 700.341062 11.343479
4413 723.165600 11.797786
4414 577.057876 9.370587
4415 570.244892 9.259420
4416 701.763483 11.312377
4417 586.130184 9.407502
4418 692.064578 11.103568
4419 701.927352 11.225870
4420 691.593013 11.488049
4421 712.208604 11.578427
4422 697.084415 11.255922
4423 713.764748 11.586198
4424 703.006013 11.314964
4425 582.499031 9.362176
4426 604.007762 9.914995
4427 668.595553 10.942812
4428 578.673175 9.602629
4429 715.187096 11.869867
4430 705.141171 11.450998
4431 700.545930 11.251158
4432 727.766401 12.091425
4433 595.190215 9.726441
4434 689.017542 11.187630
4435 656.865543 11.035247
4436 720.728378 11.776195
4437 578.146134 9.406005
4438 699.573588 11.238499
4439 702.551913 11.485927
4440 704.808535 11.352695
4441 712.029552 11.498954
4442 667.611109 10.852064
4443 712.561904 11.459353
4444 700.994527 11.225171
4445 687.660470 11.019216
4446 638.707403 10.770417
4447 724.885088 11.753170
4448 716.374932 11.546880
4449 608.037272 9.854521
4450 609.861955 9.897265
4451 710.951812 11.380071
4452 703.070995 11.420401
4453 665.999516 10.787186
4454 582.465414 9.536722
4455 750.735798 12.140973
4456 714.125956 11.513753
4457 705.560136 11.459095
4458 725.254003 11.707629
4459 609.357009 10.188406
4460 691.499273 11.416008
4461 612.012289 9.909859
4462 736.203256 11.988706
4463 723.875369 11.816459
4464 714.836120 11.450070
4465 679.104190 11.183510
4466 722.347033 11.763859
4467 686.808804 11.194730
4468 717.163899 11.701591
4469 726.699175 11.728553
4470 604.166583 9.730954
4471 719.463905 11.703956
4472 725.552415 11.838382
4473 718.910430 11.497748
4474 706.877208 11.380166
4475 712.032097 11.545379
4476 745.138385 12.258722
4477 722.584599 11.741789
4478 718.581059 11.656780
4479 723.225922 11.757521
4480 713.620946 11.548822
4481 727.192924 11.775825
4482 625.569859 10.083012
4483 591.845142 9.522039
4484 732.576665 11.704396
4485 705.348372 11.664298
4486 588.154422 9.596394
4487 721.510152 11.829526
4488 723.961519 11.766875
4489 640.801805 10.416227
4490 740.179652 11.961134
4491 737.325723 12.090266
4492 755.444999 12.348031
4493 644.859895 10.546791
4494 731.601146 11.795839
4495 626.457113 10.338234
4496 584.260476 9.766692
4497 640.391975 10.216642
4498 739.128025 11.951645
4499 717.537793 11.669785
4500 713.087249 11.670223
4501 767.673925 12.748766
4502 712.583111 11.733970
4503 725.850493 11.913112
4504 615.671666 9.989669
4505 737.829400 12.067106
4506 724.870015 11.653464
4507 681.263962 11.020777
4508 624.027370 10.339533
4509 756.052650 12.610219
4510 668.645837 11.123338
4511 725.504326 11.881366
4512 655.277332 10.774107
4513 740.204176 11.983033
4514 746.444536 12.497706
4515 750.553502 12.257508
4516 722.783072 11.774306
4517 698.094418 11.354389
4518 704.683099 11.830573
4519 619.590401 10.198715
4520 725.849034 11.826779
4521 719.871895 11.844409
4522 730.975989 11.831683
4523 753.022190 12.509488
4524 741.825209 12.040288
4525 738.308696 11.940156
4526 767.648720 12.390989
4527 689.167214 11.265021
4528 617.010530 9.858736
4529 757.310399 12.139912
4530 594.926778 9.666610
4531 642.243238 10.525779
4532 619.974186 10.095077
4533 708.934092 11.422766
4534 743.476107 12.032140
4535 742.346342 12.004671
4536 600.597780 9.973369
4537 735.296071 11.903002
4538 610.391795 10.027081
4539 724.036241 11.941744
4540 758.739387 12.155985
4541 743.347569 12.096448
4542 754.391764 12.408282
4543 750.943098 12.046121
4544 722.034118 11.500066
4545 755.139956 12.297572
4546 738.362736 12.149531
4547 738.172759 12.078558
4548 765.985580 12.672040
4549 764.268263 12.476717
4550 749.648629 11.962660
4551 613.375339 9.880438
4552 758.661114 12.407068
4553 768.963172 12.667171
4554 738.875055 11.959947
4555 740.010404 11.944067
4556 791.948199 12.892922
4557 784.578122 12.822112
4558 741.913660 11.982810
4559 752.618511 12.414468
4560 629.559286 10.166802
4561 612.838286 10.057520
4562 744.272330 11.959204
4563 752.951011 12.239659
4564 718.104534 11.840940
4565 731.982400 11.988892
4566 745.006590 12.083734
4567 745.299776 12.011227
4568 752.888099 12.064095
4569 719.045890 11.848182
4570 758.054298 12.286495
4571 751.701420 12.288531
4572 675.146972 11.036647
4573 779.765068 12.762591
4574 712.445401 11.544736
4575 762.145217 12.290106
4576 723.483461 11.976538
4577 622.248506 10.114190
4578 777.131022 12.605916
4579 754.723563 12.262919
4580 668.843529 10.944140
4581 776.383894 12.516090
4582 763.584958 12.343653
4583 619.672302 10.092655
4584 741.882337 12.171961
4585 770.510285 12.420056
4586 763.437568 12.310941
4587 740.939366 12.058336
4588 650.720585 10.611942
4589 707.590749 11.723155
4590 779.235313 12.671484
4591 760.463152 12.289730
4592 774.928964 12.548058
4593 750.601671 12.193738
4594 783.600630 12.794584
4595 776.313679 12.401073
4596 760.255401 12.285914
4597 794.914258 13.083392
4598 763.783496 12.324546
4599 788.362555 12.716357
4600 775.930905 12.601305
4601 783.187567 12.903811
4602 779.473792 12.489629
4603 644.571484 10.533450
4604 789.402854 12.770699
4605 810.931286 13.263690
4606 666.203587 10.738780
4607 776.429515 12.693405
4608 781.546048 12.710545
4609 750.607021 12.232923
4610 778.605716 12.649629
4611 779.848460 12.565493
4612 791.948708 12.689101
4613 788.121603 12.649819
4614 754.094030 12.444334
4615 777.617203 12.452068
4616 774.827449 12.712697
4617 775.365162 12.389081
4618 797.941471 13.021668
4619 696.342097 11.247502
4620 753.640346 12.157061
4621 629.959418 10.217863
4622 805.206767 13.107332
4623 791.870500 13.108475
4624 811.232893 13.117719
4625 777.274299 12.404298
4626 715.881879 11.607228
4627 797.296652 12.847194
4628 784.536697 12.501284
4629 789.141568 12.740126
4630 788.166817 12.621007
4631 796.379442 13.129435
4632 644.453372 10.458299
4633 794.248919 12.841659
4634 719.790312 11.779423
4635 813.966036 13.238714
4636 639.014250 10.478506
4637 776.551724 12.729096
4638 801.134061 12.965960
4639 774.461481 12.427703
4640 774.656163 12.594074
4641 767.750330 12.653506
4642 777.876761 12.623863
4643 825.535932 13.346907
4644 772.560068 12.347128
4645 782.770192 12.650623
4646 824.298610 13.473466
4647 792.427781 12.897931
4648 813.482683 13.255293
4649 794.316424 12.777423
4650 767.304429 12.570622
4651 635.514573 10.298032
4652 816.365315 13.456682
4653 803.643835 13.035184
4654 814.738844 13.337299
4655 799.767955 12.900641
4656 826.590217 13.294460
4657 811.056551 13.333013
4658 798.872248 12.958977
4659 799.564436 13.094564
4660 639.400171 10.302785
4661 778.781672 12.550235
4662 667.175365 10.908178
4663 804.638781 12.858209
4664 719.159345 11.500602
4665 836.910365 13.700874
4666 636.214994 10.296672
4667 717.437410 11.795026
4668 796.160078 12.836666
4669 643.441924 10.482871
4670 638.399090 10.360215
4671 801.553786 12.808870
4672 664.384729 10.617003
4673 818.909342 13.505131
4674 803.915835 12.950221
4675 668.124921 10.780257
4676 814.196682 13.285943
4677 778.173927 12.653339
4678 801.858218 12.850219
4679 840.806251 13.636632
4680 788.635392 12.813325
4681 830.076544 13.433230
4682 812.219310 13.003220
4683 826.104640 13.611739
4684 844.269617 13.733604
4685 808.591729 12.926306
4686 669.391960 11.155047
4687 819.477179 13.271868
4688 675.000926 11.079184
4689 811.293663 13.115004
4690 650.616000 10.677751
4691 810.620101 13.151053
4692 823.943986 13.307449
4693 786.098030 12.707298
4694 821.083618 13.387384
4695 823.249594 13.371487
4696 741.155178 11.867588
4697 817.270098 13.099061
4698 819.464062 13.195765
4699 807.213319 13.115355
4700 822.336610 13.533502
4701 822.189823 13.553540
4702 828.865186 13.577794
4703 807.310069 13.007327
4704 838.917071 13.657652
4705 663.423500 11.151630
4706 818.924015 13.270798
4707 822.380267 13.182706
4708 747.651344 12.459579
4709 819.778835 13.105438
4710 820.930045 13.380242
4711 825.911422 13.220670
4712 820.642574 13.131635
4713 739.886570 12.134763
4714 838.235431 13.626447
4715 822.343409 13.295084
4716 850.880346 13.856080
4717 829.397712 13.264261
4718 821.044922 13.171000
4719 831.707823 13.335796
4720 820.651105 13.084789
4721 830.013933 13.363516
4722 778.593651 12.899681
4723 825.153369 13.501017
4724 774.194310 12.730695
4725 822.007393 13.133929
4726 834.311295 13.370050
4727 820.108284 13.141886
4728 822.243359 13.263044
4729 671.288772 11.213484
4730 839.833982 13.390814
4731 852.087279 13.946593
4732 826.841773 13.226559
4733 823.864603 13.368995
4734 822.846454 13.147777
4735 836.055702 13.322778
4736 829.066503 13.387981
4737 821.553678 13.656610
4738 750.879300 12.146522
4739 677.261684 11.271181
4740 843.380309 13.670471
4741 864.734867 14.041475
4742 679.022269 10.963953
4743 839.225500 13.458034
4744 841.223194 13.514099
4745 819.830903 13.551163
4746 829.048365 13.475592
4747 861.644513 14.154417
4748 841.038267 13.494797
4749 826.264058 13.288796
4750 835.828015 13.640369
4751 788.958394 12.996564
4752 879.855637 14.354869
4753 849.404471 13.649234
4754 743.722808 12.039668
4755 839.829882 13.450257
4756 677.865188 10.858403
4757 671.447501 10.978525
4758 682.759784 10.939731
4759 861.828922 14.055071
4760 674.950401 10.934118
4761 853.778574 13.836882
4762 842.763540 13.477323
4763 822.494679 13.315424
4764 676.139674 10.837238
4765 848.153934 13.933776
4766 842.198527 13.519145
4767 839.493823 13.567246
4768 856.604579 13.709800
4769 848.754867 13.757000
4770 915.632785 14.791069
4771 834.751826 13.295982
4772 862.543962 14.099955
4773 855.164592 13.881990
4774 847.327483 13.671198
4775 845.285474 13.694253
4776 850.197451 13.686546
4777 680.591371 11.104187
4778 671.438253 10.843719
4779 846.053176 13.720492
4780 869.137698 14.241204
4781 864.371473 13.965308
4782 806.233781 13.163750
4783 849.813386 13.556641
4784 876.551480 14.214952
4785 845.321295 13.687453
4786 860.252243 13.802145
4787 882.138427 14.262172
4788 684.853782 11.227784
4789 892.140795 14.369275
4790 850.982002 13.681527
4791 873.955678 14.172074
4792 870.793930 14.027666
4793 844.523619 13.706769
4794 887.970825 14.546091
4795 843.649135 13.821364
4796 849.093242 13.521857
4797 885.413919 14.223878
4798 850.618938 13.705283
4799 858.877866 13.822046
4800 876.278905 14.046874
4801 848.591952 13.863473
4802 875.226931 14.029532
4803 701.187579 11.357927
4804 716.503066 11.666495
4805 845.679000 13.707257
4806 877.950466 14.380666
4807 851.560558 13.837898
4808 856.888835 13.897075
4809 864.377631 13.813513
4810 852.585258 13.821629
4811 875.307563 14.053136
4812 874.448647 14.229686
4813 838.634399 13.446784
4814 884.965675 14.215973
4815 905.134335 14.704093
4816 860.418868 13.856707
4817 883.009703 14.338573
4818 826.700449 13.221081
4819 866.502363 14.093825
4820 868.873377 14.134327
4821 709.581882 11.404821
4822 837.532131 13.629885
4823 715.619751 11.464767
4824 868.777996 13.839934
4825 715.458661 11.612676
4826 885.218081 14.489270
4827 863.526864 13.992362
4828 886.194331 14.553967
4829 872.038115 14.133623
4830 887.153250 14.550663
4831 836.000806 13.468785
4832 886.555992 14.305540
4833 878.163411 14.059640
4834 912.097457 14.817064
4835 879.667074 14.260131
4836 872.717002 14.379766
4837 904.607344 14.575083
4838 845.605173 13.860590
4839 877.810071 14.117722
4840 886.795812 14.209680
4841 865.409306 14.007450
4842 871.733157 13.992304
4843 890.480132 14.324249
4844 743.532268 11.885460
4845 909.025191 14.735380
4846 916.840931 14.876640
4847 800.409981 13.086110
4848 846.634637 13.707326
4849 865.433440 13.933838
4850 886.980962 14.205480
4851 848.546758 14.058346
4852 885.945696 14.194639
4853 888.067308 14.219678
4854 735.014148 11.926717
4855 704.488384 11.286153
4856 885.184365 14.319191
4857 890.327724 14.349498
4858 903.730677 14.788935
4859 909.164584 14.670919
4860 890.470504 14.356799
4861 882.158875 14.313793
4862 884.313500 14.473440
4863 930.208249 15.130824
4864 895.857611 14.509379
4865 887.360013 14.420544
4866 746.168312 12.052976
4867 889.511578 14.437842
4868 896.949314 14.494105
4869 873.743743 13.986955
4870 883.419468 14.192349
4871 763.202321 12.314249
4872 896.258319 14.518811
4873 916.945553 14.899448
4874 835.157500 13.623090
4875 738.556503 11.849971
4876 900.583947 14.583829
4877 899.928095 14.764892
4878 921.314729 15.026952
4879 901.630540 14.501065
4880 895.026307 14.391657
4881 903.044604 14.546464
4882 859.109136 13.922003
4883 890.738173 14.505981
4884 896.002856 14.328572
4885 904.983231 14.804655
4886 898.686099 14.487005
4887 881.671832 14.240224
4888 881.436491 14.225255
4889 759.128576 12.453526
4890 892.897130 14.481160
4891 831.431879 13.534748
4892 903.125518 14.718566
4893 740.369969 11.895536
4894 902.827664 14.543724
4895 890.932065 14.487299
4896 910.499193 14.722283
4897 928.912344 14.972023
4898 941.853474 15.198872
4899 917.471003 14.709627
4900 752.663788 12.101517
4901 806.702906 13.028741
4902 738.992552 11.906074
4903 931.181115 15.064121
4904 919.671315 14.729876
4905 912.650718 14.563894
4906 914.169685 14.667744
4907 914.779394 14.629521
4908 911.555970 14.837770
4909 914.297353 14.770661
4910 917.253819 14.691625
4911 906.952560 14.737888
4912 827.168509 13.390307
4913 904.878420 14.622335
4914 914.281880 14.624000
4915 921.779621 14.781258
4916 904.622964 14.561579
4917 927.241099 14.951283
4918 922.440357 14.743475
4919 733.560813 11.780540
4920 909.156301 14.710664
4921 749.596138 12.152087
4922 810.661863 13.219796
4923 897.472508 14.390457
4924 914.826992 14.764097
4925 931.923212 14.961352
4926 919.301403 14.870572
4927 806.393830 13.032728
4928 918.970033 14.858522
4929 933.981214 15.041247
4930 765.161034 12.633182
4931 836.253347 13.395895
4932 910.975547 14.726064
4933 927.597731 15.030317
4934 923.872491 14.878198
4935 938.261648 14.986712
4936 933.976386 15.055642
4937 935.401328 14.980998
4938 725.622989 11.817034
4939 880.746588 14.362505
4940 939.992282 15.009074
4941 915.073458 14.905328
4942 874.627190 13.974348
4943 897.519444 14.672614
4944 919.555716 15.082137
4945 966.110541 15.824576
4946 959.233625 15.474390
4947 936.394678 14.924286
4948 924.514257 14.777382
4949 769.589062 12.507768
4950 916.209164 14.656634
4951 805.046134 13.166578
4952 929.080769 14.999953
4953 939.570712 15.409358
4954 935.154486 15.039366
4955 932.391503 15.118796
4956 930.964935 15.150851
4957 942.504648 15.526149
4958 932.006244 14.858327
4959 911.809504 14.542435
4960 936.267947 15.014571
4961 925.759324 14.957985
4962 762.529066 12.415538
4963 915.304766 14.790003
4964 942.046969 15.191830
4965 949.126089 15.121622
4966 926.170037 15.133518
4967 854.818213 13.933305
4968 914.608158 14.920413
4969 944.614163 15.325846
4970 891.353766 14.413628
4971 945.976066 15.305588
4972 795.827318 13.128228
4973 756.183242 12.318245
4974 805.803148 13.030230
4975 938.361089 15.160397
4976 960.310902 15.652525
4977 935.888613 15.246143
4978 927.988944 14.970872
4979 781.191279 12.655986
4980 1003.797945 16.223144
4981 898.102902 14.386277
4982 926.870017 14.925931
4983 913.663175 14.834218
4984 945.633691 15.395669
4985 971.902449 15.782589
4986 759.499869 12.442164
4987 961.412548 15.564550
4988 962.438151 15.726492
4989 984.889447 15.957769
4990 954.217443 15.834453
4991 876.492113 14.362060
4992 910.191400 14.622372
4993 963.411013 15.619109
4994 909.149718 14.838433
4995 964.998411 15.493997
4996 942.020782 15.236890
4997 945.490494 15.400143
4998 954.837063 15.481583
4999 952.468602 15.346505
5000 933.292369 15.156960
