2500 312.892859 5.098007
2501 347.072831 5.507269
2502 436.576723 7.002358
2503 327.409720 5.376324
2504 329.907564 5.411462
2505 333.163012 5.447809
2506 366.355692 6.101189
2507 443.341161 7.244184
2508 440.976533 7.069572
2509 352.411509 5.612168
2510 389.532982 6.532669
2511 353.558339 6.005831
2512 444.345143 7.010822
2513 441.377174 7.114090
2514 318.548992 5.395198
2515 318.249217 5.347203
2516 309.895742 5.246144
2517 342.170218 5.579665
2518 443.663576 6.992836
2519 358.505769 5.895311
2520 449.854012 7.183288
2521 376.914894 6.235924
2522 458.356298 7.333283
2523 430.668235 7.164476
2524 327.278906 5.205225
2525 451.646016 7.252936
2526 450.237039 7.193168
2527 450.390188 7.222372
2528 418.820781 6.957578
2529 467.486964 7.455246
2530 432.770343 7.067729
2531 435.118957 7.095549
2532 328.122493 5.610796
2533 372.117857 6.135094
2534 437.618197 7.184876
2535 468.083151 7.620505
2536 380.809576 6.209785
2537 442.854705 7.243895
2538 466.336847 7.505597
2539 455.645612 7.450204
2540 346.583325 5.687819
2541 425.524646 7.123110
2542 470.273597 7.627789
2543 340.155409 5.515411
2544 428.604326 6.989883
2545 330.876618 5.562761
2546 362.362907 5.836988
2547 443.105399 7.233213
2548 336.504434 5.597791
2549 471.745766 7.612905
2550 352.189633 5.729231
2551 449.448905 7.177067
2552 488.040071 7.964946
2553 327.035671 5.486257
2554 455.850676 7.360050
2555 467.432684 7.562355
2556 392.860954 6.324978
2557 473.866100 7.605024
2558 473.587011 7.466129
2559 394.223327 6.587780
2560 463.962353 7.433625
2561 463.652391 7.668651
2562 420.510086 6.867145
2563 338.562930 5.549954
2564 454.604627 7.347032
2565 370.924255 6.164579
2566 338.778938 5.494517
2567 356.603839 5.860076
2568 437.191879 7.261618
2569 347.731553 5.626767
2570 427.534265 6.936613
2571 420.758920 6.850458
2572 470.058506 7.520434
2573 372.053392 6.217796
2574 438.036663 7.203149
2575 464.351712 7.516686
2576 465.943344 7.619501
2577 376.076065 6.107834
2578 479.721738 7.643460
2579 338.814795 5.653075
2580 486.141203 7.817308
2581 363.904729 5.905044
2582 484.839570 7.857323
2583 498.162170 8.021499
2584 490.778279 7.911940
2585 471.326804 7.536518
2586 364.421898 5.990967
2587 507.870913 8.139394
2588 445.127621 7.374470
2589 424.826244 6.967371
2590 484.266394 7.848076
2591 380.401490 6.289319
2592 472.991254 7.636680
2593 344.642241 5.778011
2594 479.801713 7.719953
2595 334.349636 5.682446
2596 466.594690 7.515181
2597 493.018412 7.974194
2598 487.849312 7.757627
2599 475.802498 7.686705
2600 483.703760 7.848325
2601 484.495422 7.800369
2602 495.474409 8.062667
2603 489.895790 7.988753
2604 500.152487 8.100727
2605 504.113958 8.285135
2606 361.963425 5.845060
2607 358.400843 5.854799
2608 498.054266 7.948807
2609 501.009279 8.133993
2610 484.150030 7.786269
2611 359.999336 5.886473
2612 477.256136 7.702746
2613 478.811736 7.943033
2614 357.757193 5.879647
2615 486.271517 7.881792
2616 459.627714 7.474280
2617 378.162075 6.041252
2618 393.036347 6.426600
2619 484.113329 7.835371
2620 488.683437 7.981168
2621 494.871629 8.009715
2622 397.716136 6.340824
2623 423.708847 6.834890
2624 493.008206 7.892200
2625 365.309268 5.988914
2626 479.357938 7.866419
2627 491.525214 8.160941
2628 346.574561 5.741076
2629 510.430670 8.266449
2630 487.524776 7.918026
2631 493.522489 8.051615
2632 496.833089 7.890621
2633 482.703797 7.873300
2634 412.592667 6.611186
2635 374.888391 6.016925
2636 514.490143 8.425228
2637 381.619305 6.458969
2638 502.082097 8.095757
2639 513.250066 8.253418
2640 480.525986 7.907260
2641 371.032795 6.023152
2642 394.133985 6.472731
2643 373.469944 6.009092
2644 466.375835 7.501859
2645 371.170272 6.117050
2646 503.693052 7.980657
2647 512.472219 8.285518
2648 507.107751 8.145185
2649 504.476059 8.096109
2650 456.175601 7.543858
2651 507.594268 8.291637
2652 379.250071 6.158679
2653 380.674918 6.178181
2654 513.585920 8.211274
2655 343.865800 5.883561
2656 390.016630 6.301550
2657 374.518940 6.093958
2658 445.253888 7.333451
2659 517.156626 8.309161
2660 511.863457 8.370683
2661 500.702450 8.229338
2662 369.990654 6.137824
2663 489.400539 8.029666
2664 367.966534 6.049505
2665 488.213583 7.818379
2666 371.862839 6.148638
2667 504.646776 8.185470
2668 502.430992 7.988184
2669 502.369506 8.116472
2670 388.995122 6.227040
2671 382.876854 6.074620
2672 515.102522 8.273099
2673 373.091477 6.215524
2674 462.850708 7.469203
2675 381.744932 6.131532
2676 523.658999 8.513314
2677 492.679085 8.139500
2678 425.736773 6.907015
2679 513.913352 8.447904
2680 424.772507 7.064071
2681 492.768778 8.071781
2682 516.553966 8.316184
2683 380.504242 6.233606
2684 526.757762 8.437497
2685 515.238825 8.286884
2686 515.466710 8.450828
2687 475.593562 7.834211
2688 528.744831 8.492004
2689 525.997088 8.475552
2690 389.270799 6.518275
2691 518.003036 8.445871
2692 521.713301 8.527707
2693 536.336553 8.702390
2694 537.612266 8.823788
2695 457.471070 7.540018
2696 480.643442 7.753086
2697 528.689207 8.474527
2698 529.758466 8.505583
2699 497.270036 7.941900
2700 381.382840 6.215187
2701 503.605854 8.314355
2702 530.730876 8.548963
2703 538.252092 8.662908
2704 524.098489 8.480011
2705 404.431289 6.554314
2706 558.788610 9.154733
2707 528.626574 8.547919
2708 534.560031 8.876098
2709 539.457802 8.659690
2710 536.807960 8.645333
2711 391.481525 6.323893
2712 424.703738 6.862899
2713 541.056493 8.610273
2714 394.286670 6.439821
2715 544.900588 8.861808
2716 534.512970 8.537108
2717 548.899539 8.844412
2718 390.063713 6.515312
2719 552.621708 8.819543
2720 530.293638 8.716447
2721 397.710661 6.350738
2722 450.146364 7.350505
2723 388.133917 6.459786
2724 439.741744 7.300877
2725 546.023057 8.817256
2726 498.522164 8.014624
2727 394.950882 6.478279
2728 527.482137 8.746035
2729 483.209620 7.757127
2730 547.759093 8.669881
2731 550.082369 8.801293
2732 552.823581 9.014866
2733 544.207058 8.876267
2734 496.842089 7.939835
2735 551.813008 8.833232
2736 551.399016 9.146029
2737 571.912993 9.244458
2738 498.923699 8.135672
2739 398.023605 6.283419
2740 560.317671 9.242884
2741 552.566157 8.904025
2742 430.305160 7.057750
2743 575.412900 9.291409
2744 423.941632 7.010353
2745 405.292613 6.640597
2746 522.377703 8.647034
2747 550.101412 8.944666
2748 569.388358 9.211952
2749 525.416583 8.664512
2750 539.411626 8.922830
2751 491.049001 7.932706
2752 553.271487 8.989268
2753 426.355630 6.954004
2754 569.004505 9.172234
2755 537.755213 8.921022
2756 568.750941 9.177976
2757 565.831264 9.307617
2758 523.291202 8.469781
2759 557.245831 9.045999
2760 583.004775 9.549395
2761 546.472825 9.106963
2762 560.444055 9.188656
2763 560.266737 9.061650
2764 557.706088 9.076612
2765 419.017204 6.980169
2766 552.314345 9.023421
2767 516.522043 8.436819
2768 566.163278 9.057749
2769 558.244699 9.186544
2770 520.257973 8.417387
2771 588.098578 9.469955
2772 578.548912 9.426378
2773 568.120852 9.111429
2774 572.673497 9.158710
2775 564.848644 9.140962
2776 419.769408 6.808929
2777 577.463848 9.258636
2778 544.770550 9.103277
2779 554.763489 8.956674
2780 587.034194 9.518456
2781 569.092116 9.303407
2782 582.528152 9.484658
2783 492.355480 8.011019
2784 584.358976 9.564030
2785 580.915747 9.295412
2786 573.456144 9.124786
2787 574.431437 9.234961
2788 576.492145 9.286114
2789 419.728333 6.669085
2790 583.534628 9.391879
2791 595.985610 9.711000
2792 581.286994 9.316180
2793 429.151657 6.849717
2794 549.341774 8.797278
2795 580.628801 9.636111
2796 596.891861 9.648372
2797 556.199273 9.142112
2798 581.593323 9.400189
2799 597.039843 9.674099
2800 580.866563 9.315002
2801 589.499852 9.520208
2802 591.223900 9.438047
2803 592.484780 9.479342
2804 584.995330 9.396642
2805 573.968197 9.217773
2806 590.318757 9.541722
2807 618.390004 9.969002
2808 432.061663 7.031687
2809 588.109279 9.609587
2810 582.480487 9.433134
2811 609.517728 10.040936
2812 596.327711 9.579842
2813 437.540123 7.074600
2814 612.893251 9.836079
2815 441.922186 7.153058
2816 610.754012 9.787373
2817 428.425334 6.840948
2818 614.584933 9.925291
2819 577.769240 9.583447
2820 568.714852 9.392298
2821 611.519124 9.792698
2822 586.967332 9.546654
2823 602.907966 9.715834
2824 551.850029 8.797304
2825 435.964629 7.067248
2826 439.387546 7.015582
2827 558.410833 8.900635
2828 603.941621 9.763438
2829 571.513599 9.327983
2830 603.445533 9.761007
2831 435.935172 7.016696
2832 445.023380 7.227038
2833 610.544153 9.777424
2834 555.388954 9.088362
2835 549.334900 8.975566
2836 602.367880 9.750767
2837 550.783893 9.017320
2838 539.324828 8.791663
2839 591.995795 9.691967
2840 508.040760 8.344581
2841 556.201476 9.186183
2842 615.561429 9.884712
2843 427.661423 7.248779
2844 602.396384 9.576653
2845 606.064250 9.660217
2846 571.584073 9.271586
2847 577.311332 9.472935
2848 601.100427 9.862194
2849 456.047918 7.250666
2850 628.447425 10.122991
2851 501.772548 8.161285
2852 443.658467 7.106984
2853 616.327458 9.816662
2854 449.944184 7.265389
2855 612.463369 9.953629
2856 561.155984 8.890977
2857 637.686733 10.381230
2858 615.991755 9.803033
2859 583.155541 9.532203
2860 435.095197 7.200022
2861 586.446534 9.467550
2862 607.214124 9.874629
2863 612.768803 10.157545
2864 617.581423 9.828604
2865 453.778578 7.297322
2866 580.876430 9.399005
2867 446.670162 7.213037
2868 496.288877 8.081119
2869 624.345054 10.256226
2870 600.199677 9.877756
2871 589.967962 9.790472
2872 627.563612 10.222513
2873 641.391704 10.300994
2874 622.080051 10.300578
2875 453.141430 7.258632
2876 449.934790 7.546603
2877 500.887177 8.289052
2878 575.794846 9.283833
2879 638.070574 10.375790
2880 666.189162 10.674009
2881 627.448212 10.099471
2882 634.207646 10.486244
2883 626.701933 9.976286
2884 605.722293 9.897911
2885 645.840205 10.309362
2886 634.470564 10.088524
2887 635.190785 10.295198
2888 566.863072 9.451992
2889 461.566525 7.429046
2890 486.737640 7.774895
2891 461.462543 7.391065
2892 526.268529 8.445003
2893 642.074527 10.263150
2894 657.537503 10.660161
2895 653.754775 10.502468
2896 460.824020 7.478622
2897 570.712929 9.345227
2898 625.558156 10.176474
2899 481.230135 8.008294
2900 556.009344 8.960193
2901 510.323208 8.158387
2902 666.731390 10.722142
2903 460.379300 7.579411
2904 642.169389 10.474674
2905 627.202191 10.126882
2906 635.949549 10.198507
2907 464.224338 7.457373
2908 523.966752 8.633186
2909 644.999781 10.314240
2910 637.244843 10.489362
2911 453.316643 7.522111
2912 658.388682 10.739617
2913 661.802537 10.887233
2914 607.556338 9.912040
2915 495.971335 8.092240
2916 655.141228 10.592179
2917 492.742813 8.113178
2918 641.622942 10.196519
2919 667.998516 10.763458
2920 632.394693 10.299849
2921 645.232479 10.437335
2922 621.464497 10.078631
2923 652.203127 10.490017
2924 621.947095 9.964194
2925 579.184790 9.333357
2926 476.689752 7.637142
2927 646.465213 10.432188
2928 641.303297 10.587702
2929 667.662029 10.901021
2930 471.182810 7.697471
2931 611.501846 9.983399
2932 649.852744 10.458921
2933 637.550905 10.266703
2934 661.935637 10.764606
2935 613.847384 9.941210
2936 660.209845 10.905211
2937 564.872055 9.090532
2938 648.754751 10.616600
2939 665.117913 10.696041
2940 687.056113 11.078053
2941 658.195364 10.781407
2942 650.789431 10.678628
2943 673.395165 10.773074
2944 623.219483 10.007852
2945 648.209099 10.497380
2946 677.054173 10.822396
2947 631.300608 10.301929
2948 666.195318 10.780305
2949 584.546137 9.837446
2950 620.847989 10.208461
2951 643.873371 10.348038
2952 474.785768 7.798093
2953 686.329032 11.335608
2954 685.479510 11.361187
2955 619.623214 10.233711
2956 494.786199 8.035814
2957 500.101538 8.052360
2958 588.667898 9.694037
2959 671.037450 10.776129
2960 627.003401 10.078723
2961 675.467700 10.863244
2962 536.401330 8.738355
2963 497.673056 8.049226
2964 494.291952 8.158631
2965 485.875194 7.940149
2966 550.709961 9.049223
2967 571.381837 9.405290
2968 659.761498 10.797929
2969 701.807387 11.315250
2970 675.556414 10.972319
2971 674.412848 10.780478
2972 688.815085 11.181184
2973 694.555693 11.257547
2974 475.574090 7.887314
2975 692.873660 11.331306
2976 675.138349 10.790246
2977 662.113408 10.828282
2978 703.218789 11.390350
2979 617.243069 10.164974
2980 699.759437 11.381678
2981 589.792678 9.502289
2982 498.122355 7.929550
2983 626.136003 10.239950
2984 670.157724 10.991682
2985 504.945428 8.023667
2986 503.454175 8.090964
2987 711.988140 11.643428
2988 588.282608 9.566350
2989 494.271005 8.082019
2990 611.415747 10.020187
2991 697.979625 11.281666
2992 579.939735 9.519125
2993 613.399943 10.129383
2994 500.956536 7.981247
2995 688.610510 11.145882
2996 681.775618 11.004884
2997 711.558417 11.604240
2998 508.779135 8.302217
2999 680.521786 10.997493
3000 730.673264 11.774036
3001 515.062628 8.278980
3002 693.654741 11.377508
3003 685.020783 11.289159
3004 504.293591 8.245709
3005 653.437483 10.840376
3006 663.086097 10.864918
3007 672.113516 11.242049
3008 693.335615 11.204448
3009 548.394590 8.746957
3010 679.836772 11.228430
3011 694.940155 11.332411
3012 656.413014 10.761217
3013 526.577162 8.377518
3014 518.315107 8.372418
3015 715.159518 11.521921
3016 541.491258 8.965301
3017 533.558389 8.648132
3018 693.144396 11.196024
3019 714.296576 11.779311
3020 517.262922 8.328146
3021 716.534154 11.834854
3022 695.395409 11.305102
3023 509.797612 8.315782
3024 725.811157 12.121126
3025 692.589053 11.475185
3026 702.856843 11.512298
3027 706.410442 11.603401
3028 716.931418 11.575260
3029 689.500438 11.358373
3030 526.544932 8.459612
3031 572.047040 9.474314
3032 678.613949 10.996411
3033 705.857637 11.316321
3034 520.939858 8.478481
3035 548.468481 9.048830
3036 514.260375 8.440597
3037 713.025607 11.577765
3038 692.855007 11.401106
3039 699.913496 11.450205
3040 698.122642 11.311649
3041 508.629294 8.389176
3042 683.016776 11.209850
3043 703.594127 11.443417
3044 652.681217 10.525478
3045 720.243683 11.739245
3046 715.921076 11.694079
3047 685.994050 11.087792
3048 688.756419 11.176001
3049 648.841753 10.617341
3050 525.549965 8.450369
3051 526.342072 8.525022
3052 630.322916 10.484137
3053 539.438253 8.722424
3054 736.680793 12.079823
3055 619.068452 10.066693
3056 574.601209 9.214341
3057 743.460300 12.122174
3058 534.186301 8.526042
3059 735.229886 11.942991
3060 583.505872 9.578329
3061 535.092284 8.583860
3062 581.032743 9.472621
3063 545.988989 8.716194
3064 531.897136 8.489397
3065 718.733569 11.673391
3066 660.938574 10.834278
3067 714.187555 11.626176
3068 708.822732 11.597997
3069 699.542248 11.508454
3070 724.980488 11.757047
3071 539.698898 8.574772
3072 704.021261 11.634595
3073 709.603040 11.752768
3074 710.019612 11.524201
3075 717.972707 11.547115
3076 709.439293 11.710611
3077 640.961227 10.389150
3078 740.565158 12.019073
3079 706.139136 11.395574
3080 718.270069 11.738327
3081 547.761202 8.767324
3082 611.925610 10.009795
3083 713.725850 11.560260
3084 653.228546 10.742773
3085 730.942281 11.789143
3086 715.007342 11.789459
3087 713.311010 11.775065
3088 715.210073 11.857641
3089 719.689875 11.730891
3090 728.119965 11.844087
3091 714.458515 11.892396
3092 570.211100 9.354968
3093 728.421809 11.944647
3094 731.491403 11.770122
3095 541.018412 8.758832
3096 743.694283 12.450776
3097 686.231899 11.339873
3098 758.784921 12.364970
3099 601.118260 9.884148
3100 735.959015 11.923055
3101 751.198263 12.452480
3102 553.662253 8.775213
3103 713.485208 11.813877
3104 760.627270 12.365186
3105 706.179715 11.810239
3106 771.265565 12.599843
3107 750.231200 12.389929
3108 737.686404 12.239801
3109 609.245602 9.957098
3110 755.905763 12.306757
3111 748.588892 12.105092
3112 744.150370 12.417213
3113 599.594259 9.916072
3114 766.762385 12.474816
3115 551.613962 8.934027
3116 572.529421 9.100641
3117 660.661680 10.930603
3118 663.094395 11.010047
3119 561.101985 8.904883
3120 737.473325 12.028168
3121 762.877201 12.599497
3122 642.960555 10.597954
3123 740.948046 12.118850
3124 699.028228 11.276393
3125 775.908832 12.674706
3126 726.633673 12.175287
3127 555.228231 8.997656
3128 554.091557 8.823401
3129 609.510741 9.768979
3130 771.627663 12.746197
3131 782.706651 12.853434
3132 740.006008 12.221183
3133 771.026552 12.688667
3134 717.132802 11.799842
3135 774.774580 12.742833
3136 737.359850 12.231845
3137 572.947783 9.126447
3138 726.993422 11.868337
3139 748.385011 12.293693
3140 569.949141 9.310193
3141 562.202781 8.920945
3142 772.787831 12.605604
3143 594.940961 9.483585
3144 784.603656 12.771208
3145 743.058676 12.218613
3146 745.039082 12.395753
3147 582.778719 9.298329
3148 721.375836 11.521264
3149 740.736466 12.285304
3150 567.485643 9.194121
3151 758.390835 12.476508
3152 787.039695 12.978199
3153 761.298270 12.732449
3154 787.741053 13.050585
3155 757.304176 12.333494
3156 772.212740 12.833294
3157 720.780918 12.193943
3158 764.471145 12.666850
3159 760.513506 12.471525
3160 794.245206 13.021513
3161 695.582123 11.586192
3162 713.777993 11.768656
3163 697.955037 11.608870
3164 770.855346 12.676698
3165 567.256933 9.336321
3166 765.150447 12.607671
3167 749.671694 12.069875
3168 792.304782 12.940472
3169 575.888696 9.599722
3170 790.348191 13.080583
3171 590.447721 9.378712
3172 579.749093 9.391942
3173 763.515451 12.535797
3174 616.184742 10.076168
3175 767.879740 12.563995
3176 664.746025 11.029085
3177 744.313912 12.214558
3178 779.065250 12.930271
3179 756.197142 12.433040
3180 756.932433 12.233414
3181 772.157278 12.524666
3182 769.057951 12.632371
3183 756.979516 12.583521
3184 566.713995 9.394504
3185 753.779387 12.386483
3186 778.338484 12.644889
3187 779.307330 12.960878
3188 773.547428 12.578363
3189 787.699941 12.771110
3190 760.862046 12.702489
3191 800.737554 13.321285
3192 800.617969 13.288722
3193 596.254884 9.872448
3194 754.431134 12.345041
3195 788.308776 13.144669
3196 599.325156 9.524071
3197 761.785903 12.475287
3198 790.417584 13.068478
3199 765.760619 12.778407
3200 801.205443 13.202874
3201 602.016627 9.852108
3202 755.767340 12.445875
3203 780.422629 12.870352
3204 780.648357 12.926210
3205 817.850770 13.531731
3206 798.240532 13.111722
3207 814.434451 13.507295
3208 780.487067 13.060315
3209 813.938073 13.514452
3210 763.249157 12.693547
3211 804.605024 13.353092
3212 794.910299 13.258776
3213 720.127056 11.755928
3214 754.502034 12.424608
3215 651.539967 10.590006
3216 600.017371 9.738898
3217 799.032643 13.028898
3218 796.598179 13.144985
3219 796.281396 12.992077
3220 724.609866 12.014261
3221 843.457604 14.213798
3222 809.091734 13.393431
3223 779.394643 12.841123
3224 792.664150 13.038852
3225 608.063955 9.767941
3226 750.209434 12.392064
3227 781.101955 13.070446
3228 601.603227 9.576130
3229 815.076797 13.400851
3230 784.262226 13.082326
3231 716.994765 11.927500
3232 780.961704 12.989593
3233 598.443042 9.699796
3234 598.271734 9.781726
3235 796.394520 13.268739
3236 817.806744 13.636586
3237 798.718694 13.160732
3238 823.350165 13.615976
3239 796.007845 13.237823
3240 615.956082 9.784439
3241 820.425699 13.459948
3242 804.034745 13.131775
3243 840.516901 14.001413
3244 839.065520 13.808854
3245 604.291224 9.837177
3246 813.634496 13.490199
3247 597.611649 9.751343
3248 804.492765 13.276378
3249 797.601893 13.021288
3250 823.859014 13.558576
3251 831.001362 13.715664
3252 793.042779 13.153241
3253 812.829568 13.376611
3254 840.807836 13.863335
3255 856.727671 14.211241
3256 801.993720 13.450083
3257 782.400017 13.238243
3258 798.065221 13.385385
3259 618.247791 9.965005
3260 802.957187 13.245187
3261 745.846129 12.163160
3262 785.306454 12.980037
3263 834.031708 13.842967
3264 806.005962 13.418445
3265 605.928531 9.951862
3266 801.904790 13.186104
3267 663.133809 10.894444
3268 616.920612 10.045461
3269 786.294026 13.033303
3270 609.907203 9.955701
3271 849.622817 14.348639
3272 625.303210 10.120382
3273 825.790339 13.722101
3274 826.768342 13.877604
3275 848.863133 14.095023
3276 802.816401 13.502833
3277 816.575145 13.614316
3278 734.424985 12.108560
3279 843.289661 14.206947
3280 824.185445 13.635929
3281 820.168976 13.563009
3282 726.069419 12.260031
3283 622.229850 10.163276
3284 820.360868 13.573528
3285 743.694038 12.001814
3286 820.455018 13.656542
3287 840.968194 13.758318
3288 811.157582 13.551542
3289 852.609842 14.208638
3290 827.554767 13.658607
3291 820.225382 13.654472
3292 845.829889 14.081189
3293 633.301117 10.253860
3294 743.786592 12.309470
3295 831.742873 13.794508
3296 825.252140 13.776442
3297 640.819328 10.347880
3298 814.205530 13.590224
3299 845.433878 13.941737
3300 789.288086 13.070084
3301 836.167315 14.096499
3302 826.832395 13.961674
3303 822.863525 13.466693
3304 858.399672 14.295789
3305 842.468001 14.030361
3306 817.190293 13.542341
3307 647.097005 10.596055
3308 826.999339 13.789900
3309 679.119761 11.037492
3310 866.695614 14.576776
3311 826.877866 13.783541
3312 843.987968 14.006964
3313 652.016081 10.579279
3314 863.691881 14.772628
3315 658.198177 10.496902
3316 872.887865 14.391330
3317 769.244838 13.232729
3318 647.921462 10.448946
3319 668.182375 10.744515
3320 645.532302 10.449043
3321 831.005014 13.562095
3322 863.163954 14.380886
3323 845.146522 13.990935
3324 856.036805 14.211085
3325 866.440862 14.485276
3326 652.625803 10.764950
3327 843.073606 14.037641
3328 849.418048 14.172441
3329 769.866898 12.658358
3330 676.742921 10.847506
3331 729.886604 11.877354
3332 798.994027 12.960504
3333 847.388804 14.298906
3334 853.466170 14.260358
3335 848.713833 14.323992
3336 863.799352 14.361072
3337 843.473650 13.820537
3338 861.976906 14.310488
3339 859.315586 14.315463
3340 805.492460 12.985150
3341 885.680645 14.797307
3342 862.615554 14.372483
3343 868.340722 14.477749
3344 854.839506 14.356554
3345 851.071592 14.279202
3346 880.510075 14.578130
3347 851.196716 14.085394
3348 857.060557 14.216843
3349 857.043205 14.180382
3350 662.133543 10.594844
3351 858.611648 14.278752
3352 846.298848 13.875196
3353 725.033218 12.163533
3354 650.233730 10.461979
3355 849.448707 14.090478
3356 844.249920 14.064790
3357 659.936226 10.678547
3358 829.352321 13.525542
3359 899.152638 14.976653
3360 853.346516 14.243965
3361 905.414054 15.193146
3362 866.502971 14.284981
3363 718.826675 12.031728
3364 853.950463 14.455631
3365 903.595725 15.019938
3366 669.011262 10.772834
3367 857.688381 14.211122
3368 882.019488 14.807174
3369 683.301828 10.965800
3370 864.974366 14.371904
3371 864.572151 14.557707
3372 683.136771 10.939064
3373 861.157956 14.440822
3374 800.860381 13.641719
3375 862.384896 14.376577
3376 677.687770 11.032758
3377 864.032287 14.349749
3378 864.634796 14.617152
3379 895.783250 14.999096
3380 880.928497 14.830630
3381 823.851611 13.454444
3382 918.633803 15.435217
3383 868.651037 14.526958
3384 859.671718 14.526111
3385 885.355432 14.759967
3386 680.554869 10.897723
3387 866.408243 14.617328
3388 862.558925 14.387665
3389 877.899301 14.632878
3390 697.485564 11.192104
3391 719.653335 11.939385
3392 827.417558 13.971202
3393 876.505186 14.671911
3394 700.020427 11.311495
3395 875.308915 14.655665
3396 809.978281 13.242355
3397 899.490542 15.188848
3398 859.436804 14.413650
3399 906.398542 15.228476
3400 822.981244 13.492714
3401 688.928143 11.154812
3402 930.358667 15.651990
3403 858.718865 14.329244
3404 899.904779 15.163633
3405 872.802434 14.640699
3406 704.630490 11.361073
3407 685.725813 10.956173
3408 880.375183 14.800511
3409 682.868734 11.117051
3410 687.869342 11.143064
3411 882.112062 14.665945
3412 698.110926 11.226765
3413 697.414956 11.173886
3414 934.826636 15.841130
3415 920.701217 15.395569
3416 908.319102 15.323397
3417 694.357939 11.017078
3418 686.938343 11.112344
3419 687.417640 11.238256
3420 885.590728 14.899581
3421 880.644788 14.620451
3422 891.383392 15.090806
3423 892.717174 14.892716
3424 884.730243 14.851375
3425 877.023210 14.873684
3426 705.933564 11.284042
3427 872.209745 14.756696
3428 895.781489 15.070859
3429 928.464333 15.816125
3430 776.765467 12.522651
3431 692.543885 11.244309
3432 693.957861 11.295052
3433 827.290427 14.019036
3434 884.420645 15.021256
3435 894.651063 15.095716
3436 843.945622 13.603711
3437 889.635399 14.933656
3438 876.601486 14.688400
3439 693.341783 11.351912
3440 927.929655 15.639442
3441 853.221693 14.365235
3442 895.950955 14.997468
3443 908.701667 15.361841
3444 901.063567 15.199170
3445 723.380110 11.646357
3446 927.911027 15.807111
3447 717.932297 11.498351
3448 711.333946 11.416848
3449 935.177974 15.682549
3450 875.510928 14.511008
3451 750.193563 12.365318
3452 896.369372 15.205520
3453 880.806793 14.969469
3454 904.811112 15.236874
3455 880.093756 14.494730
3456 897.165881 15.136838
3457 824.771446 13.922872
3458 713.071783 11.547877
3459 702.268930 11.405555
3460 882.684995 14.146848
3461 924.521217 15.765057
3462 703.703638 11.496017
3463 890.175621 15.073467
3464 892.206821 14.714995
3465 890.238737 15.120601
3466 911.208123 15.397428
3467 901.332521 14.808653
3468 898.020113 15.171650
3469 918.005988 15.368198
3470 716.895796 11.579665
3471 934.935131 15.940118
3472 722.615413 11.738236
3473 904.856169 15.400775
3474 888.241182 14.954248
3475 918.728667 15.527796
3476 894.976635 15.415986
3477 903.362023 15.323285
3478 731.540231 11.901600
3479 936.054219 15.928598
3480 749.794227 12.250160
3481 935.767960 15.863956
3482 948.419830 15.969997
3483 738.270497 11.835168
3484 915.900336 15.593493
3485 936.182834 15.933656
3486 883.249575 14.392651
3487 932.199742 15.846171
3488 943.871861 16.098683
3489 913.350669 15.334039
3490 738.316956 11.802296
3491 927.623911 15.607731
3492 756.715725 12.148279
3493 940.044018 15.892483
3494 930.480860 15.689005
3495 920.498688 15.772643
3496 736.403540 11.968029
3497 725.112001 11.729228
3498 921.286358 15.456181
3499 965.434049 16.407632
3500 922.201273 15.595146
3501 926.255980 15.626845
3502 738.170113 11.940496
3503 923.368056 15.475677
3504 952.690960 16.217085
3505 768.890676 12.409624
3506 909.874606 15.527859
3507 969.349098 16.352127
3508 925.502501 15.719535
3509 916.364804 15.474202
3510 922.541589 15.718486
3511 937.156338 15.872003
3512 920.543118 15.503842
3513 758.375536 12.238247
3514 899.869278 15.210610
3515 954.317597 16.253127
3516 943.880179 16.033515
3517 930.909248 15.588917
3518 775.712318 13.056722
3519 930.473698 15.780083
3520 950.084364 16.240123
3521 946.003471 15.787978
3522 758.128069 12.320630
3523 867.821117 14.814529
3524 755.836428 12.143679
3525 760.084842 12.258047
3526 757.791488 12.214385
3527 937.849228 15.917798
3528 935.659633 15.886060
3529 943.093449 15.774829
3530 936.948418 15.915344
3531 767.552489 12.415555
3532 932.535758 15.968815
3533 940.817018 15.912215
3534 883.816124 14.471013
3535 784.538127 13.032022
3536 936.503235 15.982374
3537 752.266399 12.269865
3538 782.089488 12.585078
3539 948.567203 16.066835
3540 911.778648 14.863826
3541 968.093662 16.389755
3542 873.228137 14.883283
3543 940.468420 16.050338
3544 946.623897 16.003638
3545 947.636292 16.191630
3546 781.982180 12.700363
3547 958.000845 16.198643
3548 942.464814 15.950608
3549 957.958458 16.311939
3550 951.981874 16.074728
3551 969.518362 16.365655
3552 772.655182 12.470112
3553 787.518234 13.437920
3554 778.584191 13.033495
3555 757.733456 12.523218
3556 963.717095 16.330997
3557 970.810620 16.461884
3558 954.890666 16.138601
3559 988.025570 16.891048
3560 982.118294 16.836475
3561 967.807499 15.960674
3562 827.000298 13.959557
3563 776.799847 12.581506
3564 959.027991 16.348634
3565 961.995806 16.353570
3566 978.240003 16.256736
3567 909.606733 15.568187
3568 785.347279 12.656417
3569 987.738777 16.886774
3570 970.935153 16.421650
3571 784.487073 12.600492
3572 945.838470 16.203305
3573 789.304510 12.627502
3574 964.799742 16.490675
3575 845.476443 14.449602
3576 793.033322 13.046820
3577 784.635535 12.649383
3578 1002.955084 17.041132
3579 849.723358 13.770486
3580 767.747257 12.417077
3581 962.286577 16.357449
3582 807.437343 12.973123
3583 975.497183 16.594791
3584 938.023340 16.005540
3585 948.514661 15.696783
3586 965.946695 16.524405
3587 966.394057 16.479905
3588 780.889764 12.535090
3589 924.349143 15.916709
3590 997.889778 17.261646
3591 974.636032 16.644339
3592 982.652292 16.605669
3593 990.013266 16.922056
3594 967.095546 16.535276
3595 788.187309 12.699774
3596 1030.192255 17.663772
3597 967.925255 16.290350
3598 984.836199 16.752933
3599 973.462416 16.662779
3600 965.539316 16.349054
3601 823.491727 13.829348
3602 809.062694 12.987876
3603 883.807199 14.453707
3604 787.023638 12.679225
3605 985.733850 16.756214
3606 996.997822 16.862837
3607 1010.839847 17.330381
3608 801.761635 12.903471
3609 971.556680 16.688918
3610 975.984110 16.643926
3611 799.591943 12.757616
3612 974.474276 15.898023
3613 996.992084 17.106652
3614 1003.889253 17.269679
3615 1004.931988 17.205262
3616 844.246104 14.619488
3617 1018.943584 17.604867
3618 899.376380 15.651389
3619 1010.411892 17.182288
3620 809.387601 13.074483
3621 961.292634 16.448084
3622 975.190076 16.702941
3623 986.323377 17.030610
3624 905.039741 14.664382
3625 967.451679 16.522488
3626 978.323821 16.959759
3627 990.615552 17.049224
3628 992.282071 16.950631
3629 990.960770 16.991004
3630 993.583684 17.118673
3631 994.473132 17.195445
3632 824.119948 13.270724
3633 1005.592634 17.276168
3634 930.187917 15.973311
3635 973.130763 16.280208
3636 830.710490 13.409772
3637 866.100878 15.014285
3638 986.366393 17.109305
3639 1013.042490 17.042877
3640 986.399009 17.041613
3641 828.918231 13.322238
3642 826.951560 13.247947
3643 940.371902 16.475953
3644 815.669912 13.648872
3645 953.642422 16.482093
3646 952.132289 16.610964
3647 981.570105 16.806871
3648 814.006128 13.067875
3649 1007.126482 16.945799
3650 1007.621929 16.485376
3651 1018.198696 17.443708
3652 1011.356735 17.479882
3653 995.938646 17.164074
3654 998.250273 17.226302
3655 1048.047018 18.078554
3656 1011.935303 17.317358
3657 997.825663 16.509018
3658 821.465197 13.524959
3659 822.905572 13.383688
3660 1006.348427 17.327408
3661 994.577274 17.120063
3662 931.587028 15.379021
3663 1018.746149 17.427542
3664 828.797113 13.422047
3665 835.961827 13.486508
3666 1049.659946 18.171180
3667 1019.574130 17.488755
3668 961.207610 16.597961
3669 1003.808868 16.841576
3670 837.724698 13.635352
3671 1013.609735 16.836187
3672 999.760721 17.262972
3673 1020.162720 17.652465
3674 825.758110 13.447813
3675 1011.579418 17.550859
3676 990.767022 17.224745
3677 1014.913618 17.145987
3678 839.375778 13.520829
3679 954.659687 16.501912
3680 1035.643926 17.883736
3681 1009.316388 17.374047
3682 886.114989 15.551486
3683 855.188265 14.820345
3684 1010.303036 17.460431
3685 876.067020 14.559235
3686 1005.446033 17.432265
3687 1037.837445 18.011198
3688 864.510310 14.746399
3689 1033.860497 17.828553
3690 1015.379092 17.628238
3691 839.927271 13.763102
3692 829.381442 13.512174
3693 1017.123540 17.619629
3694 1002.750163 16.982104
3695 885.935792 14.586679
3696 1000.244148 17.382180
3697 841.064540 13.985774
3698 843.048778 13.730761
3699 968.758943 16.716212
3700 1041.972827 17.945622
3701 860.181324 14.306009
3702 1030.268622 17.530566
3703 988.635597 17.037154
3704 839.641847 13.680086
3705 1036.543445 17.846352
3706 1026.149555 17.641307
3707 1068.864138 18.677414
3708 847.486939 13.757567
3709 923.131488 15.007654
3710 1045.841418 17.707723
3711 1044.653529 18.255755
3712 1017.738254 17.571358
3713 1037.977072 17.773628
3714 1034.778447 18.100119
3715 935.904346 16.306446
3716 866.788703 14.079210
3717 1055.308086 18.126701
3718 877.757200 14.314353
3719 1066.021129 18.480098
3720 1058.201690 18.339726
3721 904.782672 14.603050
3722 878.631075 15.379266
3723 859.530405 13.951584
3724 1041.048657 18.183266
3725 845.257697 13.728096
3726 1058.119282 18.393887
3727 1035.741742 17.115633
3728 1044.854165 17.694771
3729 1071.586116 18.461368
3730 876.008696 14.403845
3731 876.606747 14.093686
3732 885.603963 14.648845
3733 1041.363064 18.009743
3734 1058.369933 18.365157
3735 1039.595188 17.875595
3736 1068.054435 18.547207
3737 1034.762328 17.945403
3738 1094.590960 18.929474
3739 1043.918806 18.092422
3740 1031.494269 17.437501
3741 1036.067965 17.990070
3742 872.353496 14.109578
3743 1047.055610 18.251179
3744 1040.909034 18.076996
3745 1060.354139 17.828338
3746 1048.174579 18.161275
3747 952.100864 16.614715
3748 1065.892903 17.768082
3749 1046.871754 18.191668
3750 1054.738215 18.425139
3751 1047.596875 18.225124
3752 1078.039388 18.560686
3753 939.981180 16.550734
3754 1046.034552 17.991300
3755 865.917160 14.213700
3756 1047.645187 18.156035
3757 1095.868399 19.103338
3758 1054.376677 17.852174
3759 1128.202454 19.564031
3760 1082.260032 18.753270
3761 1055.602718 17.761967
3762 1064.299700 18.529217
3763 1053.524326 18.377595
3764 941.561728 16.551521
3765 1060.045568 18.395232
3766 899.992203 14.554147
3767 889.401871 14.434219
3768 890.757882 14.405505
3769 991.102955 16.811457
3770 1069.726717 18.871194
3771 1077.287024 18.832970
3772 1089.101954 19.091046
3773 1043.189704 18.353322
3774 1092.470803 18.418559
3775 1052.539574 17.744240
3776 1049.204050 18.366522
3777 1063.672880 18.554741
3778 1070.891621 18.742380
3779 1049.545563 18.377543
3780 916.416643 16.156591
3781 883.568683 14.444678
3782 890.579469 14.347289
3783 1090.063432 18.916442
3784 1072.771435 17.625255
3785 1091.389575 18.885902
3786 1041.999431 16.998946
3787 1111.452281 19.470897
3788 1079.830267 18.766895
3789 1082.560378 18.694833
3790 1081.028021 18.664027
3791 1090.296584 18.906245
3792 919.848379 14.892626
3793 1080.807911 18.718476
3794 1084.353966 18.824314
3795 1070.000346 18.788896
3796 1012.349536 17.309827
3797 1115.183030 19.507997
3798 1086.826368 18.854851
3799 1066.493315 18.553801
3800 934.734871 15.204883
3801 1113.967833 19.415017
3802 971.571152 16.968819
3803 1086.039932 18.922583
3804 912.686183 15.268405
3805 1101.857540 19.305289
3806 1031.242042 16.944499
3807 1087.908393 19.149402
3808 1101.972035 19.454121
3809 1085.554554 19.051073
3810 1058.661758 18.633801
3811 1119.720700 19.425437
3812 1071.092619 17.927695
3813 1101.670669 19.134874
3814 1118.782414 19.620032
3815 1114.550015 19.360848
3816 1089.073112 18.232667
3817 1027.623748 17.404597
3818 1114.956825 19.380768
3819 937.865560 16.190304
3820 1104.120614 19.124838
3821 940.363111 15.499076
3822 1056.875549 18.490816
3823 1094.619152 19.198251
3824 1097.188463 19.158266
3825 931.843503 15.192501
3826 1109.226718 18.937441
3827 1087.446648 18.972429
3828 1131.610974 19.796972
3829 1162.562807 20.257070
3830 955.510783 15.541322
3831 961.262167 16.650892
3832 1134.262456 19.940848
3833 1125.471652 19.602030
3834 1109.072563 18.914638
3835 1129.604264 19.909147
3836 928.272057 15.199493
3837 1071.155265 18.800479
3838 915.653686 15.073315
3839 1091.851542 19.296844
3840 955.899475 15.569190
3841 923.608428 15.167193
3842 1077.471256 18.984114
3843 1119.108801 19.557864
3844 1078.323783 19.025218
3845 1116.097794 18.837283
3846 1114.826898 19.594744
3847 1015.618762 17.125250
3848 1094.174632 19.378958
3849 925.055302 15.353954
3850 982.854596 17.417075
3851 941.218908 15.391570
3852 1144.197427 20.116589
3853 1048.842485 17.813638
3854 1136.046728 20.091985
3855 970.315822 16.193709
3856 1092.994502 18.505013
3857 1102.710705 19.367851
3858 1086.977687 19.256803
3859 992.332890 17.783465
3860 1085.084732 19.200571
3861 1074.231770 17.971663
3862 1118.481714 19.469940
3863 1116.114840 19.776289
3864 1150.186749 20.386965
3865 1151.784791 20.328021
3866 1135.320481 20.114054
3867 1107.594148 19.584393
3868 1118.437609 19.677023
3869 927.237308 15.241552
3870 1139.969797 19.297748
3871 923.546903 15.135087
3872 1002.462955 17.390302
3873 1116.548138 19.926580
3874 946.673949 16.246274
3875 1110.496811 19.076285
3876 1067.476984 17.625681
3877 1127.006479 19.765817
3878 1160.982987 20.457381
3879 1156.187115 20.500003
3880 1125.233323 19.576772
3881 1186.031054 20.684093
3882 958.620597 15.597427
3883 1125.882861 19.801520
3884 1117.956232 19.756785
3885 1131.249420 20.026437
3886 954.690788 15.519912
3887 1160.364607 20.587868
3888 977.943964 16.671422
3889 933.724089 15.401925
3890 1108.347762 19.441342
3891 1126.718534 19.801985
3892 1113.299534 19.627573
3893 942.149815 15.499465
3894 1150.170504 19.896250
3895 1136.708535 19.922013
3896 1144.710914 20.091186
3897 1112.649339 19.662405
3898 1172.425767 20.020980
3899 1115.230340 19.702533
3900 1111.164518 19.676665
3901 1123.057952 19.906035
3902 1111.040062 18.885641
3903 1123.124587 19.872235
3904 1135.290174 20.044407
3905 1121.407791 18.841498
3906 1139.602560 20.142587
3907 1140.709130 20.235618
3908 1155.789329 20.217221
3909 1113.398999 18.360283
3910 982.033005 16.843062
3911 1128.532581 20.137845
3912 963.656930 15.790911
3913 1092.693993 19.465920
3914 1131.988689 19.152382
3915 1208.120963 21.353297
3916 1134.619001 18.715799
3917 1130.052050 19.942894
3918 1105.638745 19.519798
3919 1001.303772 17.577824
3920 986.714402 16.993009
3921 1106.059042 19.614040
3922 1157.028132 20.441241
3923 1142.262501 20.227739
3924 1130.312376 20.040875
3925 1136.395597 20.167673
3926 1144.073788 19.010752
3927 965.372334 15.855183
3928 1221.272225 20.852703
3929 1152.490992 20.343854
3930 1145.019042 20.382743
3931 1156.791066 19.782294
3932 1186.674164 23.847943
3933 1179.850267 20.937588
3934 1160.011187 20.832250
3935 1144.333760 20.570581
3936 1188.050254 21.190169
3937 1147.987902 20.350813
3938 1091.807730 22.587512
3939 1311.775012 27.361339
3940 998.041080 16.456769
3941 1008.589453 21.514034
3942 1195.255599 21.301559
3943 1168.438881 21.090979
3944 1173.585747 20.952286
3945 1162.628226 20.797662
3946 1143.591089 20.564435
3947 1147.454122 20.562165
3948 1177.513891 21.012856
3949 1120.577253 19.012682
3950 1012.304446 18.011036
3951 1193.631986 21.403217
3952 1106.958310 18.962478
3953 1172.686805 21.062562
3954 1125.242683 18.718345
3955 1181.456480 20.352152
3956 1140.159887 19.485009
3957 1162.720684 20.892805
3958 1183.339432 21.079656
3959 1017.457000 16.793549
3960 1157.053842 20.493505
3961 1153.800903 20.940325
3962 1157.205705 20.132507
3963 1114.865511 19.939428
3964 1194.229302 20.941747
3965 1165.935381 19.578141
3966 1164.605191 20.708206
3967 978.565138 16.300445
3968 1166.572835 20.920887
3969 1028.258616 16.959773
3970 1158.012226 20.669342
3971 1194.536636 21.094728
3972 1013.008693 16.559305
3973 1225.168749 21.741477
3974 1018.202797 17.743287
3975 1032.026508 18.204791
3976 1174.572045 20.882819
3977 1016.285452 17.285907
3978 1225.500625 21.862941
3979 1014.387632 16.782249
3980 1188.101962 21.176999
3981 1020.198238 17.557543
3982 1172.283926 21.094472
3983 1067.713860 17.615542
3984 1195.618249 21.117164
3985 1174.446637 20.946612
3986 1062.705646 19.239534
3987 1152.793863 20.465046
3988 988.424000 16.534577
3989 1230.699879 21.905418
3990 1186.395381 20.503127
3991 1169.915931 20.975257
3992 1167.544710 20.219320
3993 1191.408708 21.582930
3994 1184.352674 21.246696
3995 1217.818577 21.898295
3996 1235.578343 22.141654
3997 1009.972791 17.936312
3998 1242.403482 22.538007
3999 1169.494873 21.163378
4000 1217.216645 21.712268
4001 1245.656235 22.068245
4002 1193.251988 21.652566
4003 1209.473192 21.751100
4004 1196.414102 20.960135
4005 1209.858497 21.432605
4006 1202.941800 21.629403
4007 1183.036793 21.357452
4008 1222.174540 21.961214
4009 1196.462672 21.367193
4010 1239.725694 22.177255
4011 1090.115998 19.204647
4012 1203.156914 21.362935
4013 1137.035034 18.745480
4014 1172.819338 21.038498
4015 1239.572848 22.213225
4016 1196.233245 21.519933
4017 1219.964514 21.912791
4018 1221.482326 21.874414
4019 1101.420511 20.145859
4020 1197.953028 21.569279
4021 1181.276443 21.296912
4022 1201.935684 20.272323
4023 1264.574318 22.659392
4024 1239.756081 22.392205
4025 1237.583156 22.057184
4026 1202.047417 21.388334
4027 1194.651022 21.537335
4028 1040.101290 17.160379
4029 1009.590261 16.889309
4030 1224.616058 21.355879
4031 1199.419668 21.566431
4032 1189.786551 19.568229
4033 1176.107511 20.900849
4034 1218.788671 20.995262
4035 1264.288473 22.626811
4036 1182.056145 21.344604
4037 1236.265206 21.665812
4038 1218.567043 21.664759
4039 1230.515115 21.930445
4040 1247.284604 22.518863
4041 1220.057717 20.785696
4042 1258.027790 21.640582
4043 1271.847122 22.836790
4044 1024.541783 17.302549
4045 1209.845594 20.960059
4046 1185.810717 19.628897
4047 1143.954739 20.970942
4048 1115.392147 19.906522
4049 1209.757563 21.692368
4050 1236.782740 22.034910
4051 1200.437292 21.513085
4052 1198.859806 21.543128
4053 1219.258795 21.633592
4054 1197.550429 21.555629
4055 1241.890620 22.252030
4056 1195.679937 21.776504
4057 1247.192374 22.710406
4058 1076.736183 17.802719
4059 1242.563775 22.114126
4060 1253.284095 22.740434
4061 1167.983525 19.426707
4062 1204.149750 21.403514
4063 1207.928238 21.872268
4064 1238.227395 22.286161
4065 1079.402098 17.922985
4066 1247.322041 22.036550
4067 1040.758717 17.359399
4068 1047.339877 17.520457
4069 1226.889037 22.215754
4070 1235.402481 22.243853
4071 1255.491507 22.610828
4072 1241.475390 22.413776
4073 1216.477461 22.033682
4074 1252.895599 22.111451
4075 1217.578430 22.003392
4076 1287.008528 23.106777
4077 1284.085730 23.202154
4078 1226.684137 22.355175
4079 1194.946925 20.515521
4080 1097.297542 19.546428
4081 1087.071767 19.389697
4082 1255.093245 22.358995
4083 1224.517333 22.010706
4084 1224.500589 22.184850
4085 1191.614091 21.734038
4086 1253.433337 21.371809
4087 1226.033814 22.149606
4088 1145.369733 19.168344
4089 1242.413069 22.377744
4090 1082.538423 19.129206
4091 1234.264208 22.253471
4092 1255.923913 22.750992
4093 1255.128163 22.581357
4094 1247.751861 22.279517
4095 1249.741948 21.118928
4096 1245.643432 22.414068
4097 1238.584285 22.462078
4098 1251.676058 22.350627
4099 1072.204974 17.948510
4100 1264.817200 22.724188
4101 1283.944623 23.286374
4102 1252.169660 22.747929
4103 1279.787176 22.944797
4104 1254.982652 22.506943
4105 1262.131790 22.700142

6000 2478.682379 53.313359
7000 3003.593194 73.764116
8000 3884.911787 99.108461
9000 5221.111396 144.449315
10000 6233.809999 187.893057
11000 7591.034809 255.730111
12000 9108.700229 317.537389
13000 11171.597575 404.945119
14000 12636.754700 472.447367
15000 15669.840256 602.588895

real	67m20.915s
user	924m11.448s
sys	640m26.570s
