2500 110.413737 2.459286
2501 109.061989 2.512461
2502 130.622359 2.610688
2503 125.261160 2.554727
2504 90.192656 2.252432
2505 128.356581 2.770729
2506 102.835270 2.362158
2507 118.126971 2.540181
2508 113.578308 2.455173
2509 137.313667 3.004868
2510 119.429015 2.460603
2511 116.160903 2.702185
2512 115.892620 2.483006
2513 116.872998 2.539011
2514 106.118617 2.433828
2515 113.905014 2.466692
2516 125.875496 2.483360
2517 126.761174 2.603546
2518 116.015984 2.565159
2519 122.438954 2.584141
2520 168.287440 3.343924
2521 107.746071 2.445919
2522 109.933797 2.623460
2523 88.548985 2.248559
2524 110.158568 2.525067
2525 118.479025 2.517408
2526 111.607074 2.403288
2527 119.494954 2.637690
2528 122.493383 2.478257
2529 102.851645 2.457311
2530 107.933298 2.437528
2531 98.326688 2.382346
2532 119.444891 2.473370
2533 161.192347 3.427135
2534 119.762840 2.526209
2535 128.919232 2.603107
2536 124.458053 2.497897
2537 120.860089 2.544079
2538 130.225170 2.594879
2539 115.943923 2.593012
2540 129.031964 2.724544
2541 118.438026 2.474977
2542 114.196545 2.635661
2543 119.052783 2.543697
2544 93.347999 2.322207
2545 180.339412 3.633259
2546 103.280790 2.354439
2547 118.016546 2.536816
2548 133.380159 2.938426
2549 115.103616 2.579379
2550 125.388158 2.712129
2551 132.573997 3.220029
2552 119.307214 2.477655
2553 114.592483 2.575894
2554 126.889216 2.631794
2555 132.337036 2.584550
2556 113.207065 2.532391
2557 125.494507 2.631403
2558 135.433197 2.643730
2559 100.775661 2.432888
2560 163.784679 3.374600
2561 103.422049 2.542626
2562 124.092552 2.617146
2563 118.869296 2.572404
2564 112.698722 2.595182
2565 120.868381 2.463699
2566 136.344729 2.633233
2567 125.949975 2.656737
2568 134.931273 2.657913
2569 121.252479 2.615910
2570 122.343737 2.566208
2571 126.920246 2.697160
2572 96.308704 2.413381
2573 100.961950 2.427206
2574 132.926920 2.669627
2575 122.811091 3.021980
2576 123.841904 2.599411
2577 123.526348 2.634083
2578 145.074446 3.007661
2579 135.069575 2.780281
2580 121.742555 2.616835
2581 124.396175 2.642257
2582 114.119142 2.543642
2583 115.795251 2.597189
2584 134.999608 2.696879
2585 127.967302 2.645528
2586 124.839851 2.703511
2587 97.286966 2.392406
2588 116.179239 2.540272
2589 138.350309 2.804032
2590 148.620520 3.169544
2591 117.507273 2.621594
2592 125.431810 2.632212
2593 127.400324 2.643587
2594 119.380161 2.567436
2595 115.383923 2.638896
2596 132.706140 2.716783
2597 131.517497 2.619955
2598 133.859105 2.759199
2599 128.112857 2.659181
2600 138.335780 2.781486
2601 128.543798 2.690709
2602 163.712460 3.530659
2603 113.737438 2.609954
2604 114.511433 2.631211
2605 135.342167 2.746595
2606 114.645670 2.592003
2607 137.629438 2.795014
2608 132.623320 2.753296
2609 155.519040 3.357018
2610 128.095263 2.723446
2611 129.850394 2.756899
2612 129.592434 2.724733
2613 125.961067 2.670964
2614 97.353610 2.421322
2615 128.217037 2.700805
2616 123.466522 2.684145
2617 139.402930 2.818146
2618 114.138554 2.593107
2619 140.581715 2.833996
2620 139.296797 2.871648
2621 138.316048 2.853910
2622 145.366810 2.960344
2623 133.236779 2.758670
2624 112.268251 2.586049
2625 148.041316 3.000145
2626 113.112890 2.624276
2627 124.629173 2.685304
2628 134.437474 2.827183
2629 136.433937 2.871461
2630 139.166268 2.783086
2631 139.593168 2.781385
2632 121.784815 2.872205
2633 139.330960 2.807253
2634 138.296293 2.713439
2635 145.106847 2.795948
2636 128.951518 2.733000
2637 122.759359 2.790075
2638 128.966640 2.715322
2639 135.087193 2.835114
2640 128.242702 2.774908
2641 119.826613 2.682868
2642 110.340847 2.618427
2643 124.187137 2.740421
2644 140.707536 2.885537
2645 147.318576 2.845915
2646 151.709676 3.283702
2647 138.276634 2.845779
2648 129.097557 2.698531
2649 117.932377 2.637780
2650 142.696986 2.749441
2651 141.108323 2.834606
2652 128.435157 2.682714
2653 131.718513 2.791913
2654 109.744838 2.644316
2655 149.321564 2.992722
2656 127.631828 2.666173
2657 142.788004 2.915251
2658 146.538419 2.808162
2659 140.260676 2.869309
2660 97.751414 2.508952
2661 132.015868 2.825874
2662 124.948939 2.792164
2663 136.827724 2.864629
2664 121.260217 2.720300
2665 144.992475 2.904327
2666 173.587681 3.531324
2667 144.997856 3.088377
2668 150.590962 2.936134
2669 119.528184 2.744152
2670 142.834672 2.971606
2671 137.096947 2.851514
2672 139.226573 2.918843
2673 153.406414 2.954983
2674 122.512662 2.791425
2675 149.462277 2.854268
2676 121.442286 2.770610
2677 125.372105 2.677962
2678 135.942127 2.907723
2679 143.121543 2.943669
2680 144.102530 2.934981
2681 136.718822 2.764042
2682 126.175137 2.758933
2683 135.333091 2.806664
2684 135.494536 2.861861
2685 172.912595 3.519279
2686 144.675555 2.782242
2687 132.772620 2.856854
2688 134.989497 2.837911
2689 136.277388 2.804629
2690 121.116794 2.784966
2691 139.794821 2.910607
2692 141.872676 2.913721
2693 131.796996 2.864760
2694 149.216465 2.890869
2695 148.206984 2.972125
2696 122.905917 2.646336
2697 140.770278 2.922364
2698 135.345567 2.918187
2699 139.688060 2.995838
2700 146.491449 3.032946
2701 127.098369 2.894674
2702 129.886292 2.845768
2703 134.172229 2.787180
2704 106.405562 2.625729
2705 128.052908 2.812765
2706 129.105884 2.746439
2707 126.458595 2.789991
2708 114.163233 2.749949
2709 128.743871 2.950668
2710 117.326717 2.732401
2711 148.199383 2.969575
2712 152.014303 3.093397
2713 149.864014 2.936486
2714 150.515264 2.962410
2715 138.034358 3.055419
2716 155.413685 3.045159
2717 151.495536 2.961557
2718 152.917912 3.143811
2719 136.005093 2.779808
2720 147.933925 2.952614
2721 149.360398 2.904781
2722 135.551563 3.026541
2723 137.679063 2.932306
2724 153.768302 3.085804
2725 150.747510 3.043647
2726 118.535732 2.768946
2727 140.130646 2.952804
2728 148.845044 2.983981
2729 116.802399 2.822448
2730 145.920093 3.038620
2731 148.597673 3.029082
2732 144.135054 2.970543
2733 152.316943 3.043818
2734 133.132238 2.893537
2735 151.908501 3.005080
2736 133.986603 2.862697
2737 141.442244 2.984022
2738 118.260557 2.855209
2739 137.681659 2.965319
2740 131.407731 2.922502
2741 140.059899 3.185356
2742 131.578660 2.941685
2743 124.665098 2.846841
2744 130.716999 2.948986
2745 152.482851 2.957058
2746 148.215666 3.148951
2747 154.303900 3.002043
2748 146.683505 3.219777
2749 151.573443 3.081181
2750 136.614882 2.934690
2751 143.502848 2.981395
2752 155.124693 2.981244
2753 149.502433 3.054579
2754 146.333338 3.035747
2755 112.028474 2.793784
2756 145.333998 3.102380
2757 140.297995 2.844617
2758 155.777833 3.028474
2759 149.072011 3.099641
2760 138.306753 3.025552
2761 134.335804 3.034834
2762 144.241375 3.041263
2763 138.385093 3.014939
2764 129.592328 2.950652
2765 148.647018 3.068488
2766 141.800405 3.001640
2767 142.901517 2.957801
2768 151.158008 3.114939
2769 153.593004 3.188011
2770 144.606290 3.111058
2771 144.544440 3.032536
2772 128.043369 2.791401
2773 152.083150 3.099647
2774 148.189382 3.004485
2775 142.072686 3.042915
2776 153.988555 3.169045
2777 152.643970 3.138889
2778 147.105509 3.098927
2779 137.080864 3.014153
2780 148.646610 3.152184
2781 159.425027 3.120752
2782 152.714789 3.130391
2783 138.151007 3.065275
2784 142.430076 3.077581
2785 156.055578 3.159167
2786 138.351287 2.976995
2787 140.993140 3.064434
2788 153.746564 3.082820
2789 145.078191 3.102904
2790 144.260974 2.978267
2791 141.299576 2.846153
2792 151.428375 3.088663
2793 143.000688 3.141761
2794 144.384498 3.109910
2795 152.136638 3.159910
2796 151.221652 2.972251
2797 150.884756 3.146104
2798 154.693652 3.188598
2799 160.136634 3.280181
2800 157.412852 3.215252
2801 142.131625 3.142452
2802 154.411174 3.101963
2803 140.460057 3.022670
2804 129.145479 3.095784
2805 156.196685 3.103856
2806 135.226759 3.063059
2807 139.174162 3.113975
2808 160.169405 3.177445
2809 152.626427 3.050273
2810 146.081610 3.049730
2811 141.619505 3.041307
2812 154.081461 3.200797
2813 145.654441 3.224758
2814 155.250877 3.187017
2815 147.334039 3.075593
2816 138.375815 3.015716
2817 148.756246 3.064170
2818 162.249381 3.170155
2819 163.029814 3.241987
2820 160.261857 3.217615
2821 147.797641 3.274655
2822 147.712156 3.236176
2823 152.251627 3.184839
2824 144.038477 3.099986
2825 159.402417 3.195268
2826 145.178621 3.163236
2827 167.884984 3.686020
2828 133.649171 3.053812
2829 153.306855 3.258762
2830 150.759987 3.257652
2831 161.301918 3.188215
2832 156.889583 3.159959
2833 159.625267 3.247639
2834 153.090512 3.030525
2835 156.662244 3.216420
2836 165.899369 3.280007
2837 152.941800 3.152627
2838 155.319452 3.068926
2839 151.017605 3.247257
2840 148.446234 3.093069
2841 157.953339 3.198490
2842 148.562954 3.118299
2843 139.740116 3.096518
2844 162.906121 3.286428
2845 163.384066 3.301206
2846 154.576100 3.215301
2847 157.725265 3.159746
2848 148.277567 3.177354
2849 133.308290 3.079561
2850 148.662138 3.162088
2851 160.840383 3.168989
2852 156.313543 3.296108
2853 159.877144 3.575057
2854 162.046397 3.239216
2855 137.825396 3.167625
2856 155.473870 3.240909
2857 146.423294 3.034960
2858 174.392573 3.555704
2859 158.879626 3.322714
2860 160.162245 3.215544
2861 143.616924 3.132027
2862 154.655247 3.522237
2863 149.569226 3.142560
2864 155.833471 3.067711
2865 162.287555 3.332426
2866 154.661674 3.257538
2867 164.345909 3.439135
2868 152.416332 3.341964
2869 166.960907 3.326467
2870 165.104886 3.366498
2871 155.287921 3.245624
2872 164.966731 3.320652
2873 157.405072 3.346457
2874 155.902985 3.405017
2875 161.610274 3.377909
2876 147.834979 3.051941
2877 159.897739 3.210999
2878 179.330342 3.579109
2879 150.136192 3.235179
2880 153.241818 3.222823
2881 150.806109 3.379731
2882 169.796800 3.446653
2883 164.376883 3.473546
2884 157.014550 3.376794
2885 149.892817 3.172164
2886 164.739160 3.325842
2887 158.283134 3.284238
2888 164.263002 3.355930
2889 156.921520 3.349222
2890 154.831636 3.264515
2891 146.598080 3.385265
2892 161.709172 3.323227
2893 168.256417 3.337101
2894 163.371939 3.328735
2895 147.180175 3.158548
2896 157.385201 3.313630
2897 167.035743 3.337027
2898 169.834963 3.334621
2899 151.816429 3.195001
2900 177.170045 3.497491
2901 175.839914 3.721986
2902 151.637009 3.220269
2903 157.850559 3.358784
2904 155.178559 3.278944
2905 157.060534 3.313118
2906 167.960113 3.399685
2907 159.936898 3.302017
2908 152.764344 3.429152
2909 155.531899 3.354515
2910 145.523190 3.332599
2911 159.802089 3.369498
2912 159.850525 3.448295
2913 149.309539 3.159953
2914 163.140211 3.371920
2915 166.826696 3.370041
2916 155.247519 3.271205
2917 149.400702 3.150414
2918 168.375103 3.432098
2919 175.675409 3.639397
2920 147.830521 3.319718
2921 154.519754 3.412045
2922 165.993548 3.263282
2923 153.459604 3.422212
2924 146.563256 3.337023
2925 160.531402 3.404796
2926 167.042713 3.413917
2927 159.210274 3.301962
2928 165.660308 3.362431
2929 165.373777 3.472828
2930 168.586528 3.508509
2931 164.319992 3.498282
2932 158.453208 3.396289
2933 170.075592 3.435692
2934 152.495131 3.352121
2935 161.129565 3.395989
2936 170.112809 3.410885
2937 159.934563 3.264977
2938 170.629288 3.470780
2939 161.485540 3.280492
2940 168.972704 3.448615
2941 153.549252 3.391244
2942 171.841735 3.593924
2943 151.876465 3.337732
2944 159.529361 3.284977
2945 151.526924 3.405252
2946 159.491869 3.450767
2947 164.770883 3.484090
2948 148.461586 3.226032
2949 159.817452 3.392553
2950 163.616306 3.508290
2951 180.250456 3.797736
2952 162.444968 3.357250
2953 170.678597 3.487943
2954 151.700829 3.411330
2955 171.119420 3.475977
2956 158.449889 3.471454
2957 167.759312 3.479919
2958 175.658277 3.579270
2959 173.565158 3.537022
2960 178.401157 3.522990
2961 172.918707 3.568217
2962 162.070864 3.477585
2963 161.053787 3.382736
2964 171.782787 3.463502
2965 149.913877 3.402428
2966 171.748155 3.475287
2967 153.204551 3.484022
2968 159.138193 3.434343
2969 159.092214 3.443290
2970 169.534708 3.569993
2971 170.608402 3.462661
2972 181.631136 3.644933
2973 169.075317 3.486177
2974 168.943005 3.509573
2975 157.629282 3.341727
2976 152.319400 3.285663
2977 165.139929 3.459116
2978 165.480226 3.674414
2979 163.171428 3.464558
2980 159.118281 3.288015
2981 170.492309 3.569050
2982 174.417822 3.541097
2983 172.283852 3.588121
2984 157.142059 3.497081
2985 159.345818 3.512456
2986 168.423468 3.585467
2987 157.505322 3.351791
2988 161.099715 3.366511
2989 178.805575 3.558809
2990 167.244918 3.516057
2991 157.356635 3.281883
2992 156.551645 3.305319
2993 156.353994 3.346198
2994 171.520993 3.428297
2995 168.726162 3.557780
2996 171.251770 3.486407
2997 177.727033 3.607263
2998 176.600540 3.516282
2999 178.255420 3.622277
3000 181.010827 3.728069
3001 195.441465 3.843931
3002 198.806452 3.829146
3003 191.216255 3.778581
3004 189.105781 3.782801
3005 167.039369 3.669568
3006 199.747267 3.854707
3007 185.418183 3.755843
3008 191.984865 3.792603
3009 182.437330 3.691139
3010 186.106479 3.746115
3011 193.369700 3.789078
3012 196.843230 3.801293
3013 196.171563 3.841433
3014 171.354533 3.543528
3015 177.227679 3.768997
3016 191.732707 3.712687
3017 211.030565 4.110869
3018 186.432452 3.800592
3019 182.687236 3.633336
3020 203.511255 3.899132
3021 193.467644 3.882025
3022 205.409346 4.032595
3023 167.119457 3.679757
3024 189.258437 3.800442
3025 183.793757 3.680220
3026 176.852753 3.744965
3027 188.356906 3.764782
3028 165.202875 3.690079
3029 204.186747 3.933160
3030 185.341848 3.775692
3031 197.555477 3.864248
3032 173.250220 3.501106
3033 185.189168 3.759378
3034 183.814337 3.685261
3035 179.836065 3.595592
3036 179.523149 3.560024
3037 190.490378 3.864093
3038 216.003907 4.309728
3039 174.161606 3.677239
3040 200.736022 4.237952
3041 197.676568 3.842206
3042 198.558198 3.977405
3043 199.260037 3.935470
3044 191.461749 3.918313
3045 166.111026 3.716200
3046 219.913001 4.024571
3047 214.746331 4.015006
3048 180.303975 3.737708
3049 185.878184 3.877365
3050 214.174439 3.990866
3051 188.804500 3.878277
3052 186.078256 3.850155
3053 189.404380 3.845255
3054 213.418089 4.013647
3055 197.109402 3.902104
3056 179.363484 3.808083
3057 177.614038 3.754259
3058 194.759892 3.913603
3059 176.831572 3.692607
3060 212.118828 4.124871
3061 214.063889 4.041071
3062 169.432290 3.529707
3063 200.432073 3.955732
3064 169.773511 3.759812
3065 180.149446 3.852401
3066 165.353377 3.721996
3067 189.805795 3.922766
3068 192.389513 3.940181
3069 194.359754 3.953964
3070 216.802139 4.081517
3071 174.320146 3.776725
3072 212.748336 4.172249
3073 210.772659 4.216965
3074 215.678063 4.065526
3075 191.094357 3.856944
3076 187.911251 3.819008
3077 188.464619 3.972390
3078 204.927158 4.169807
3079 169.786700 3.806165
3080 170.074155 3.771605
3081 189.558913 3.888358
3082 180.657485 3.694954
3083 185.046019 3.863895
3084 215.299217 4.297128
3085 186.482057 3.923000
3086 177.959089 3.684335
3087 180.886798 3.769040
3088 202.526525 4.004510
3089 211.318720 4.121525
3090 207.736742 4.143713
3091 194.450028 3.963170
3092 169.026842 3.785523
3093 179.696834 3.914558
3094 211.250273 4.100486
3095 186.544352 3.943208
3096 197.582137 4.020266
3097 164.319673 3.822226
3098 213.372386 4.259064
3099 203.261264 4.092019
3100 199.284776 4.015977
3101 194.901417 3.988800
3102 177.431875 3.889751
3103 188.081451 3.946444
3104 209.619179 4.132693
3105 199.166944 4.057378
3106 216.201682 4.147335
3107 212.742969 4.182481
3108 167.229147 3.744619
3109 191.494148 4.004962
3110 206.854147 4.119067
3111 177.990293 3.941983
3112 214.321325 4.067964
3113 211.246642 4.123136
3114 179.671182 3.920742
3115 204.615599 4.126002
3116 207.131356 4.042663
3117 220.848849 4.194030
3118 178.561152 3.910383
3119 201.970858 4.172783
3120 191.807538 4.027773
3121 204.260062 4.130080
3122 196.606322 4.002594
3123 203.807523 4.041611
3124 201.330106 4.094486
3125 185.649681 4.039382
3126 184.317584 4.023620
3127 177.708332 3.949389
3128 172.941281 3.860668
3129 198.044388 4.189648
3130 196.037699 3.996992
3131 186.494227 3.847913
3132 169.684832 3.882459
3133 202.945140 4.102663
3134 194.457447 4.087968
3135 187.618393 3.932207
3136 204.128820 4.118019
3137 205.767889 4.123208
3138 200.712300 4.065021
3139 196.401877 3.963603
3140 199.771243 4.121688
3141 212.841687 4.240391
3142 193.431656 4.017866
3143 204.481397 4.156425
3144 184.230057 3.974976
3145 196.351285 4.112068
3146 177.689283 3.954171
3147 181.359755 3.913661
3148 174.428898 3.963071
3149 182.575015 4.048253
3150 203.012969 4.036877
3151 182.218288 3.953024
3152 207.393072 4.097312
3153 209.603556 4.195196
3154 179.531107 4.033423
3155 186.950438 4.091761
3156 185.135964 4.118778
3157 191.575386 4.012211
3158 213.123284 4.291295
3159 187.786571 4.231760
3160 202.097507 4.192103
3161 203.948742 4.122658
3162 181.305083 3.935009
3163 187.325116 4.057186
3164 215.624573 4.338294
3165 198.654905 4.046047
3166 182.928958 4.024390
3167 213.576202 4.224299
3168 219.383363 4.248749
3169 186.929248 3.999715
3170 214.163522 4.204222
3171 185.359267 3.999901
3172 186.498240 4.093572
3173 192.328339 4.056716
3174 231.071444 4.306898
3175 182.009665 4.039020
3176 177.991157 4.039985
3177 189.244183 4.098125
3178 209.675393 4.151961
3179 177.479274 4.027874
3180 190.654331 3.971901
3181 187.217364 4.057631
3182 201.207170 4.216278
3183 199.104756 4.042116
3184 175.975470 4.043370
3185 212.701543 4.287433
3186 190.473874 4.111861
3187 183.694899 4.087961
3188 198.450315 4.110655
3189 186.336113 4.110989
3190 193.449442 4.230666
3191 192.477951 4.132509
3192 189.406319 4.125465
3193 222.013105 4.382884
3194 199.731298 4.161418
3195 174.667295 3.930259
3196 215.331104 4.292310
3197 218.709914 4.237348
3198 184.951486 4.091215
3199 189.230128 4.138617
3200 193.007747 3.999157
3201 178.048900 4.072974
3202 202.957020 4.250323
3203 223.934693 4.671562
3204 209.016184 4.322226
3205 217.944731 4.339772
3206 193.720978 4.050237
3207 228.900117 4.442992
3208 206.311178 4.244681
3209 198.883934 4.143515
3210 258.098246 5.312154
3211 199.082215 4.180135
3212 222.861154 4.406176
3213 198.755732 4.318496
3214 206.824859 4.083682
3215 245.110967 5.023494
3216 189.548253 4.168293
3217 202.585804 4.205703
3218 219.221391 4.369827
3219 189.512369 4.169247
3220 187.636089 4.173250
3221 226.676413 4.353848
3222 206.120354 4.221739
3223 184.097828 4.151144
3224 201.141924 4.226852
3225 202.175775 4.222058
3226 209.880288 4.287258
3227 213.865879 4.328618
3228 202.886861 4.265790
3229 206.411133 4.264591
3230 193.698231 4.293673
3231 220.188133 4.421842
3232 188.404176 4.194556
3233 190.716732 4.221071
3234 208.178856 4.341256
3235 195.513463 4.151828
3236 224.764259 4.697438
3237 209.629548 4.395564
3238 194.122053 4.240375
3239 199.968586 4.288113
3240 212.660913 4.171561
3241 228.667774 4.541738
3242 167.836277 4.089516
3243 198.480777 4.305351
3244 218.066926 4.368701
3245 212.190319 4.402105
3246 206.601092 4.403599
3247 197.739971 4.299698
3248 190.633538 4.214841
3249 190.276178 4.271568
3250 203.757076 4.269003
3251 211.196009 4.347719
3252 246.064910 4.561714
3253 189.725787 4.221601
3254 190.538421 4.199212
3255 210.724733 4.471030
3256 187.889938 4.195453
3257 213.962531 4.296430
3258 205.308158 4.482791
3259 178.895693 4.040071
3260 202.028774 4.273517
3261 225.900364 4.468458
3262 193.496407 4.416390
3263 222.758686 4.674670
3264 205.026854 4.346829
3265 206.888970 4.338479
3266 195.551750 4.273946
3267 232.902892 4.348458
3268 215.062519 4.449892
3269 200.169914 4.352576
3270 177.541878 4.195035
3271 170.553489 4.223184
3272 219.360996 4.357962
3273 160.982252 4.104667
3274 197.868397 4.312318
3275 188.753873 4.223367
3276 195.018429 4.331449
3277 191.417923 4.313829
3278 217.425649 4.440121
3279 173.556023 4.103380
3280 220.400187 4.467610
3281 206.500002 4.261693
3282 206.427819 4.272208
3283 210.454583 4.494103
3284 195.827631 4.157531
3285 221.755348 4.489319
3286 226.990274 4.545344
3287 184.045411 4.269508
3288 211.464124 4.579272
3289 215.399564 4.513170
3290 198.148761 4.375268
3291 199.715943 4.344057
3292 200.403935 4.268080
3293 203.596137 4.193770
3294 224.632215 4.572621
3295 242.194187 4.905950
3296 255.073234 5.442562
3297 165.055576 4.113091
3298 225.528186 4.583619
3299 215.498695 4.351719
3300 214.482448 4.497336
3301 179.674864 4.252339
3302 203.379355 4.682723
3303 188.925667 4.171667
3304 242.986413 4.536738
3305 203.301834 4.271112
3306 171.764204 4.167738
3307 206.956511 4.461567
3308 212.897316 4.409604
3309 165.130445 4.194366
3310 257.662540 4.767467
3311 191.448626 4.379948
3312 176.158842 4.292350
3313 163.692977 4.136503
3314 175.793781 4.287372
3315 193.486789 4.355643
3316 201.800443 4.416645
3317 227.499831 4.534101
3318 202.491551 4.439922
3319 175.327037 4.245001
3320 189.220345 4.264509
3321 204.572762 4.468476
3322 218.238747 4.554933
3323 187.992781 4.330608
3324 211.344721 4.303891
3325 187.332264 4.370652
3326 231.821084 4.631170
3327 205.368518 4.281198
3328 223.823310 4.565084
3329 214.944107 4.482657
3330 185.247038 4.337840
3331 173.478091 4.273584
3332 194.470235 4.292770
3333 218.769479 4.562785
3334 235.527761 4.672024
3335 215.565564 4.422125
3336 180.337344 4.299146
3337 185.917967 4.426063
3338 228.204422 4.610730
3339 199.328837 4.459553
3340 210.181307 4.584274
3341 175.678810 4.279797
3342 189.443116 4.363018
3343 211.367902 4.474149
3344 222.453343 4.608553
3345 237.244713 4.742711
3346 230.569518 4.735496
3347 173.704513 4.301314
3348 185.644843 4.370841
3349 253.320925 4.902989
3350 203.639004 4.504511
3351 166.333454 4.151899
3352 182.529110 4.378778
3353 211.595825 4.587661
3354 220.684862 4.579859
3355 219.991346 4.563195
3356 169.487924 4.301854
3357 180.860445 4.407499
3358 209.116732 4.454335
3359 228.685628 4.643309
3360 185.132826 4.444977
3361 201.063277 4.543603
3362 227.984810 4.632720
3363 208.623588 4.573584
3364 188.368494 4.469148
3365 251.555696 4.860444
3366 196.107535 4.374638
3367 230.253758 4.645104
3368 178.086601 4.379504
3369 227.144866 4.718210
3370 227.938221 4.631282
3371 233.755302 4.699018
3372 192.764932 4.405592
3373 212.232339 4.603406
3374 217.946580 4.632137
3375 223.343612 4.662693
3376 214.243054 4.664179
3377 221.153492 4.486560
3378 201.112245 4.421850
3379 189.913403 4.470588
3380 215.269937 4.738376
3381 237.909341 4.766185
3382 222.008450 4.676000
3383 182.256774 4.440537
3384 204.125374 4.623830
3385 206.679070 4.614761
3386 203.570524 4.479688
3387 235.942861 4.752089
3388 185.855794 4.468049
3389 179.036918 4.401199
3390 216.995980 4.486778
3391 246.663155 5.264535
3392 219.590182 4.649001
3393 231.707088 4.726139
3394 210.046567 4.599971
3395 187.175775 4.480673
3396 201.101766 4.581334
3397 256.659277 4.913816
3398 231.469723 4.703547
3399 207.357922 4.641000
3400 199.375722 4.468085
3401 224.197083 4.645250
3402 203.028488 4.609259
3403 188.590979 4.504364
3404 259.651773 4.838345
3405 218.712766 4.687067
3406 194.253261 4.606463
3407 241.978593 4.878801
3408 185.282651 4.438230
3409 212.448484 4.510792
3410 236.941153 4.833331
3411 199.100604 4.597610
3412 217.863549 4.563148
3413 183.962841 4.424035
3414 194.900652 4.558620
3415 228.930502 4.740327
3416 189.994906 4.555179
3417 236.417325 4.862788
3418 210.546038 4.524150
3419 206.580065 4.629119
3420 230.122108 4.674944
3421 241.832818 4.888642
3422 212.968495 4.681194
3423 205.090378 4.541252
3424 220.983688 4.629470
3425 189.904764 4.545948
3426 244.127191 4.965493
3427 180.767724 4.490421
3428 186.828696 4.481932
3429 208.814852 4.677037
3430 222.462871 4.711912
3431 221.151190 4.848476
3432 223.216786 4.743177
3433 180.198125 4.497979
3434 191.166661 4.551355
3435 183.231442 4.516359
3436 257.861505 5.014852
3437 209.993684 4.764530
3438 207.339762 4.646912
3439 224.771159 4.833231
3440 226.087431 4.589670
3441 302.078140 6.244575
3442 204.555573 4.669761
3443 262.513505 4.965665
3444 208.506128 4.718464
3445 264.400370 4.908888
3446 225.689628 4.811246
3447 239.853630 4.891777
3448 194.772502 4.580240
3449 215.271616 4.748332
3450 187.105146 4.558251
3451 225.158490 4.728744
3452 217.263055 4.769775
3453 221.782271 4.828826
3454 220.691587 4.534974
3455 236.561358 4.848242
3456 251.662987 4.897221
3457 225.211697 4.787523
3458 219.857110 4.856769
3459 206.353206 4.752559
3460 228.838129 4.931614
3461 203.760631 4.720962
3462 218.171696 4.834444
3463 204.179745 4.697745
3464 225.373284 4.909228
3465 224.914108 4.724625
3466 201.466304 4.791212
3467 236.523670 4.925084
3468 198.588461 4.641592
3469 237.253440 4.894059
3470 237.932261 4.976155
3471 237.790454 4.837293
3472 182.453534 4.572752
3473 206.561243 4.848792
3474 258.239818 5.121148
3475 226.435074 4.903358
3476 239.244498 4.834046
3477 244.886388 4.922137
3478 209.606183 4.781169
3479 227.844539 4.949995
3480 226.140792 4.914174
3481 240.260503 5.002136
3482 214.297934 4.799429
3483 190.331592 4.737474
3484 240.403280 5.078957
3485 245.258031 5.081479
3486 198.681910 4.711711
3487 189.942679 4.561834
3488 233.959098 4.815986
3489 195.911346 4.726305
3490 193.576129 4.715048
3491 213.027892 4.869074
3492 220.765553 4.680173
3493 214.752354 4.846848
3494 205.588526 4.806778
3495 225.507300 4.942520
3496 224.892003 5.048974
3497 194.477923 4.714373
3498 234.872809 5.018460
3499 240.699573 5.007179
3500 212.644969 4.809912
3501 252.222319 5.079176
3502 222.106552 4.935356
3503 231.708945 4.857501
3504 203.420635 4.815310
3505 228.003939 4.973493
3506 217.257986 4.940262
3507 261.191835 5.177375
3508 218.843995 4.846272
3509 250.007851 5.018698
3510 226.025561 5.020849
3511 195.885219 4.748850
3512 211.228677 4.711572
3513 246.040558 5.104436
3514 236.461430 4.963429
3515 241.646116 5.000292
3516 234.200227 4.848230
3517 249.018937 5.103578
3518 231.906311 4.933773
3519 250.369151 5.084850
3520 207.969906 4.822963
3521 250.803737 5.040072
3522 202.572333 4.801091
3523 230.188056 5.171109
3524 219.009511 4.827935
3525 234.859843 5.128113
3526 238.408691 5.132906
3527 224.151679 5.087913
3528 224.925243 5.051447
3529 235.127914 4.812073
3530 244.446233 5.004836
3531 247.449077 5.128729
3532 261.291149 5.117029
3533 287.991117 5.374090
3534 208.994960 4.888857
3535 282.506271 5.647677
3536 241.909762 5.151984
3537 227.716362 5.046427
3538 237.759333 5.026042
3539 222.418089 4.864437
3540 209.920259 4.944117
3541 233.019727 5.043314
3542 251.303024 5.133977
3543 216.128321 4.833083
3544 226.686105 5.104912
3545 246.041184 5.089000
3546 208.694187 4.888386
3547 240.365649 5.163910
3548 248.795215 5.096617
3549 231.584194 5.078483
3550 226.738890 5.089251
3551 239.232609 5.137722
3552 229.151624 5.036419
3553 253.482539 5.320459
3554 250.292510 5.220104
3555 254.630946 5.369733
3556 265.483894 5.239328
3557 242.787640 5.059013
3558 220.688116 5.047417
3559 248.093107 5.263731
3560 233.310598 5.100928
3561 235.286111 4.960375
3562 213.354494 4.853983
3563 245.291924 5.204057
3564 313.855240 6.783191
3565 213.571810 5.038112
3566 233.574033 5.178411
3567 220.382537 5.061288
3568 247.991723 5.063185
3569 197.054358 4.886146
3570 226.692360 5.142678
3571 222.348510 5.009419
3572 243.843617 5.249272
3573 218.223254 5.078680
3574 211.639674 5.007101
3575 204.755783 4.888969
3576 238.688339 4.979748
3577 235.983055 5.167407
3578 213.064763 4.894937
3579 214.343774 4.908983
3580 241.766412 5.070074
3581 207.143285 5.011425
3582 229.252256 5.151961
3583 218.183916 5.099360
3584 216.265841 5.095456
3585 210.394066 5.073478
3586 258.928534 5.323424
3587 256.374574 5.212774
3588 221.831532 5.135853
3589 232.763471 5.138889
3590 249.857078 5.165864
3591 275.181605 5.417454
3592 267.659649 5.273951
3593 238.183201 5.221882
3594 241.188912 5.241033
3595 227.773476 5.154755
3596 245.930348 5.171194
3597 220.790742 5.054094
3598 254.241348 5.305527
3599 226.588645 5.077729
3600 240.524086 5.152285
3601 214.174406 5.085363
3602 245.021889 5.075008
3603 259.106434 5.356434
3604 284.704833 5.475758
3605 233.099673 5.147670
3606 234.211269 5.231884
3607 207.160069 4.933694
3608 222.606119 5.094741
3609 264.972439 5.472775
3610 250.743759 5.319695
3611 202.154516 4.876315
3612 269.653585 5.611688
3613 243.520474 5.145989
3614 209.891771 4.967964
3615 228.646687 5.032083
3616 245.174326 5.133393
3617 220.998562 5.177587
3618 241.404351 5.293740
3619 256.833529 5.409330
3620 218.068513 5.165926
3621 241.843594 5.352577
3622 240.529819 5.315927
3623 315.464136 6.886757
3624 228.698658 5.239076
3625 235.086555 5.027966
3626 268.045843 5.381892
3627 248.545122 5.440308
3628 218.627768 5.190618
3629 242.753459 5.342951
3630 241.490826 5.303043
3631 261.304133 5.286367
3632 227.780165 5.243937
3633 259.741745 5.393441
3634 223.851117 5.220987
3635 260.848396 5.457064
3636 232.955268 5.311176
3637 236.088944 5.289981
3638 229.199481 5.208453
3639 244.100836 5.157878
3640 253.900582 5.279735
3641 233.695991 5.166244
3642 225.707587 5.237767
3643 216.052083 5.050614
3644 240.888744 5.240449
3645 249.092765 5.316903
3646 278.483188 5.602203
3647 254.080755 5.525979
3648 222.107927 5.195684
3649 220.278352 5.210343
3650 221.720001 5.266837
3651 227.139026 5.295753
3652 241.856190 5.355042
3653 230.693559 5.340815
3654 285.438631 5.602970
3655 269.046819 5.516140
3656 217.281664 5.098136
3657 270.009615 5.548115
3658 231.709157 5.324836
3659 249.222587 5.317404
3660 257.684154 5.345542
3661 238.292775 5.540369
3662 227.629523 5.300730
3663 281.274836 5.554055
3664 224.199043 5.220833
3665 250.613289 5.450948
3666 257.760367 5.346521
3667 262.740035 5.511619
3668 262.330818 5.366754
3669 264.427444 5.406232
3670 242.977540 5.399602
3671 260.317104 5.459512
3672 243.762823 5.252697
3673 247.594625 5.468417
3674 257.682463 5.434705
3675 269.884608 5.440283
3676 230.413846 5.364977
3677 241.905609 5.433702
3678 290.028634 5.816354
3679 248.730652 5.427418
3680 233.620814 5.348784
3681 278.737615 5.704958
3682 239.068783 5.452847
3683 231.464881 5.270673
3684 289.089229 5.722135
3685 296.471518 5.737866
3686 269.906203 5.415321
3687 218.185709 5.328780
3688 232.743923 5.357634
3689 249.462221 5.517568
3690 252.812396 5.480563
3691 264.451762 5.592171
3692 272.802502 5.625224
3693 245.911396 5.487982
3694 250.431175 5.330041
3695 257.954781 5.535673
3696 250.208366 5.473188
3697 260.710174 5.601452
3698 247.843439 5.533098
3699 275.555587 5.626863
3700 268.534077 5.497563
3701 238.573826 5.441672
3702 231.475246 5.389945
3703 304.265845 5.825692
3704 243.628282 5.501741
3705 241.988440 5.503751
3706 275.661454 5.618214
3707 253.678952 5.578580
3708 283.876241 5.700724
3709 241.537505 5.503587
3710 244.962014 5.532153
3711 254.636160 5.554290
3712 246.962523 5.541948
3713 274.218514 5.606456
3714 279.875578 5.687997
3715 274.571298 5.921211
3716 277.440919 5.702436
3717 233.472226 5.608940
3718 266.415515 5.720032
3719 290.051110 5.857554
3720 244.103475 5.528745
3721 260.708920 5.616105
3722 247.452239 5.558926
3723 254.255106 5.634768
3724 315.261525 6.593011
3725 233.710512 5.474499
3726 248.518569 5.547599
3727 255.740594 5.643240
3728 226.384023 5.382486
3729 262.738964 5.541320
3730 269.402722 5.587191
3731 268.345294 5.438467
3732 251.312595 5.584231
3733 233.790602 5.493471
3734 294.571975 5.918878
3735 258.553588 5.589877
3736 228.120490 5.443120
3737 281.923209 5.772609
3738 230.113962 5.433887
3739 280.492420 5.861393
3740 239.945535 5.527745
3741 245.160077 5.586958
3742 245.296986 5.582901
3743 251.633091 5.686783
3744 296.372965 5.956274
3745 247.996562 5.655599
3746 253.593018 5.650533
3747 262.433947 5.624238
3748 289.001638 5.801758
3749 291.628482 5.912539
3750 288.720510 5.934092
3751 252.913043 5.599677
3752 266.908471 5.615910
3753 320.373013 7.213455
3754 257.882350 5.700254
3755 273.490671 5.713419
3756 230.783146 5.412372
3757 287.447572 5.959335
3758 237.741658 5.576606
3759 253.931337 5.639258
3760 254.729624 5.685584
3761 260.477154 5.721876
3762 251.857023 5.630694
3763 245.445756 5.630908
3764 273.181893 5.656029
3765 286.652311 5.785064
3766 251.911436 5.635541
3767 242.673476 5.620368
3768 280.946229 5.763937
3769 261.323078 5.738326
3770 290.629932 5.923076
3771 224.132615 5.324955
3772 294.265007 6.091990
3773 277.294160 5.846551
3774 265.325817 5.921378
3775 269.929841 5.811487
3776 247.435512 5.625840
3777 250.234336 5.689676
3778 259.275348 5.830686
3779 279.926778 5.803582
3780 281.190711 5.765734
3781 284.777557 5.845611
3782 256.272885 5.723044
3783 260.617353 5.761146
3784 255.182155 5.680664
3785 256.169128 5.747000
3786 255.847118 5.783743
3787 258.774763 5.709312
3788 242.615213 5.651219
3789 246.895857 5.695672
3790 242.908314 5.623471
3791 260.960609 5.809736
3792 270.121282 5.669867
3793 263.192973 5.836386
3794 238.992665 5.690166
3795 252.274262 5.744085
3796 269.695676 5.729027
3797 278.324366 5.818425
3798 294.849707 6.072372
3799 275.669886 5.773400
3800 324.962778 7.006390
3801 252.329895 5.756282
3802 262.605785 5.794668
3803 256.657102 5.817314
3804 278.425527 5.888541
3805 296.720610 5.988683
3806 250.593457 5.742035
3807 294.260793 5.960818
3808 271.360297 5.724282
3809 270.095921 5.659721
3810 313.989940 6.082977
3811 257.879160 5.667758
3812 255.960806 5.681316
3813 254.405217 5.831089
3814 273.566062 5.924402
3815 274.641932 5.715039
3816 260.033800 5.726934
3817 276.029926 6.011257
3818 311.266998 6.141262
3819 278.476613 6.048042
3820 268.992673 5.877367
3821 250.796421 5.770723
3822 259.394525 5.705413
3823 293.098846 5.998706
3824 250.333913 5.795635
3825 329.752621 6.287446
3826 283.907760 6.067276
3827 249.074648 5.809866
3828 318.166935 6.177775
3829 275.282343 5.964748
3830 255.884628 5.835828
3831 284.864466 5.925066
3832 293.335201 6.049431
3833 275.766920 5.721352
3834 251.158831 5.817820
3835 264.408334 5.830183
3836 299.318804 6.086073
3837 269.683322 5.932224
3838 269.791988 5.919281
3839 258.174329 5.834623
3840 283.649521 5.872739
3841 241.833083 5.629097
3842 256.888887 5.799050
3843 253.581332 5.851035
3844 281.186695 5.860735
3845 270.390222 5.988556
3846 254.340638 5.872056
3847 287.733606 6.040481
3848 259.501191 5.885528
3849 328.367899 6.797380
3850 298.660475 6.018581
3851 289.345151 5.889422
3852 278.255778 5.793096
3853 286.682375 5.893024
3854 270.061894 5.960741
3855 292.215083 6.054293
3856 251.262873 5.891828
3857 269.485413 5.971722
3858 253.529847 5.857858
3859 267.833649 6.021387
3860 314.218917 6.389674
3861 277.747586 6.041251
3862 294.181861 6.046631
3863 257.219686 5.919832
3864 315.002477 6.291667
3865 320.941953 6.684530
3866 279.736162 5.924998
3867 284.482575 6.071078
3868 304.386431 6.186231
3869 258.231956 5.972998
3870 251.666634 5.769743
3871 253.177527 6.101730
3872 261.046522 5.929808
3873 297.849493 6.204838
3874 276.903966 5.990829
3875 311.759984 6.239228
3876 265.604455 6.033123
3877 282.859902 6.290469
3878 269.578317 6.044276
3879 308.597428 6.345287
3880 259.184291 5.951312
3881 267.188914 5.994800
3882 261.091255 5.831209
3883 253.854541 5.946759
3884 290.651450 6.076877
3885 315.318289 6.703854
3886 270.756948 6.087842
3887 283.858935 6.003988
3888 247.786191 5.878846
3889 266.746363 6.036565
3890 254.643896 5.977576
3891 268.131202 6.120058
3892 267.568923 6.125292
3893 265.629414 6.082801
3894 280.005243 6.107472
3895 295.430210 6.136171
3896 296.495494 6.117311
3897 338.886073 6.909361
3898 308.763828 6.373434
3899 274.812683 6.043304
3900 291.634112 6.190475
3901 257.079259 6.009854
3902 285.399599 6.198967
3903 273.716806 6.117056
3904 287.503274 5.968241
3905 259.655076 5.830236
3906 274.052128 6.091871
3907 275.243833 6.014898
3908 276.156890 6.035798
3909 273.202968 5.811912
3910 311.616827 6.360502
3911 275.249287 6.127455
3912 300.415671 6.231746
3913 291.896268 6.363118
3914 281.149228 6.181823
3915 278.528015 6.170440
3916 294.754250 6.140224
3917 283.652115 6.200546
3918 309.064737 6.352576
3919 314.187967 6.364528
3920 287.680574 6.429389
3921 251.687049 5.995559
3922 300.354381 6.158713
3923 264.889030 5.937396
3924 284.673425 6.159227
3925 304.701480 6.457653
3926 275.638863 6.221760
3927 322.803557 6.355405
3928 278.475625 6.218779
3929 296.345670 6.096157
3930 295.566415 6.060066
3931 276.893424 6.250535
3932 277.670951 6.136066
3933 265.131869 6.090764
3934 295.111119 6.391454
3935 296.016394 6.335128
3936 273.343727 6.115632
3937 280.265965 6.279164
3938 325.136630 6.352203
3939 302.598090 6.336845
3940 282.541669 6.160625
3941 292.971922 6.303051
3942 304.633774 6.405222
3943 276.761069 6.095745
3944 276.857718 6.277663
3945 322.085843 6.571811
3946 297.611853 6.284305
3947 286.466549 6.286880
3948 271.520001 5.965980
3949 300.831012 6.223375
3950 291.213267 6.316641
3951 300.145010 6.488757
3952 277.221449 6.282941
3953 307.411902 6.617242
3954 307.048994 6.532033
3955 275.683654 6.073793
3956 277.859154 6.297072
3957 328.589096 6.958753
3958 269.692611 6.067535
3959 289.988745 6.291541
3960 301.202703 6.402995
3961 312.685484 6.511828
3962 281.853989 6.405294
3963 302.532815 6.440742
3964 259.515449 6.166240
3965 313.633696 6.501182
3966 327.412565 6.535460
3967 298.108023 6.428051
3968 321.311269 6.507442
3969 317.446464 7.078744
3970 258.934005 6.195441
3971 282.194042 6.207702
3972 300.186773 6.334673
3973 301.071111 6.509978
3974 273.272974 6.295265
3975 282.811914 6.258483
3976 283.368101 6.278430
3977 265.909240 6.223598
3978 280.367229 6.336278
3979 287.732851 6.461058
3980 270.399379 6.324885
3981 248.450283 5.999915
3982 275.183430 6.314552
3983 284.279552 6.423558
3984 285.001873 6.440235
3985 278.648997 6.375131
3986 268.781323 6.026283
3987 286.483066 6.325793
3988 248.554876 6.094830
3989 283.544139 6.488679
3990 250.167455 5.947771
3991 303.177030 6.511083
3992 293.592712 6.430902
3993 282.459661 6.405750
3994 293.639185 6.459086
3995 284.044811 6.387297
3996 276.006653 6.147564
3997 281.205024 6.273953
3998 292.796896 6.527414
3999 288.435866 6.322617
4000 312.516709 6.604818
4001 283.911491 6.454111
4002 274.104934 6.391410
4003 313.016513 6.614122
4004 348.399840 7.309062
4005 304.412787 6.584466
4006 329.872822 6.712216
4007 287.387944 6.500244
4008 284.934190 6.384061
4009 326.902394 6.602027
4010 329.632897 6.714678
4011 280.182850 6.464755
4012 307.279049 6.416719
4013 323.973336 6.506246
4014 293.086465 6.489183
4015 308.044879 6.551669
4016 278.539365 6.412066
4017 296.906159 6.240302
4018 310.291813 6.579528
4019 288.640801 6.503394
4020 280.885582 6.265512
4021 297.042001 6.595388
4022 312.530410 6.725499
4023 289.427230 6.461815
4024 295.294228 6.512801
4025 279.893316 6.481278
4026 287.721428 6.519091
4027 317.896284 6.596318
4028 275.756143 6.454706
4029 282.838300 6.472165
4030 288.910982 6.450413
4031 287.615575 6.497796
4032 299.574002 6.587168
4033 297.761397 6.606179
4034 318.725525 6.598131
4035 290.774538 6.512400
4036 267.487824 6.205887
4037 294.513162 6.592102
4038 280.616326 6.520999
4039 292.871549 6.562489
4040 273.610662 6.384573
4041 292.746990 6.595939
4042 320.055361 6.720163
4043 303.753374 6.661500
4044 281.494389 6.496971
4045 316.740760 7.007235
4046 303.845386 6.659044
4047 281.906739 6.773746
4048 300.130208 6.470553
4049 304.854105 6.510621
4050 310.926228 6.704452
4051 280.222931 6.547901
4052 277.725123 6.508883
4053 324.291858 6.789870
4054 303.556638 6.636787
4055 275.893273 6.540349
4056 295.058347 6.423074
4057 290.265827 6.642285
4058 303.029574 6.656240
4059 304.565930 6.663281
4060 310.755106 6.572819
4061 305.941189 6.701688
4062 309.417813 6.751486
4063 300.397605 6.650531
4064 308.703644 6.375691
4065 298.972315 6.390659
4066 315.155833 6.727404
4067 275.166224 6.474503
4068 326.515134 6.723713
4069 352.824111 6.951745
4070 302.210594 6.704020
4071 281.095059 6.369457
4072 307.757526 6.702549
4073 299.987879 6.733756
4074 309.135173 6.750216
4075 306.565468 6.810881
4076 322.568214 6.440577
4077 285.207306 6.627861
4078 291.141033 6.547755
4079 300.320182 6.605215
4080 290.529017 6.677265
4081 293.175162 6.767100
4082 320.685014 6.810520
4083 339.235893 7.138325
4084 312.260431 6.867122
4085 335.108631 7.143137
4086 336.572092 7.037110
4087 358.523450 7.382886
4088 338.460981 7.246699
4089 312.309315 6.942258
4090 329.155105 7.256775
4091 339.384482 7.306231
4092 374.017757 7.376538
4093 336.935440 7.202881
4094 344.156620 7.290948
4095 350.077177 7.335143
4096 347.985844 7.367602
4097 351.115219 7.320105
4098 340.498091 7.007043
4099 352.126826 7.228961
4100 334.761665 7.213420
4101 343.947433 7.308252
4102 384.157396 7.454234
4103 358.582489 7.358436
4104 319.685963 7.028030
4105 355.886534 7.165589
4106 364.212942 7.266565
4107 348.913976 7.331591
4108 371.428876 7.106016
4109 366.426661 7.438294
4110 351.856071 7.391089
4111 329.168504 7.204348
4112 334.184725 7.194663
4113 338.299865 7.106743
4114 344.061060 6.977532
4115 339.645127 7.195499
4116 370.119573 7.304134
4117 357.957354 7.054688
4118 322.917054 7.119423
4119 335.319733 7.398469
4120 355.880125 7.354921
4121 358.587199 7.433733
4122 368.063234 7.433074
4123 361.511570 7.384060
4124 319.875959 6.899156
4125 384.600895 7.396223
4126 354.378226 7.208078
4127 378.400997 7.256533
4128 344.642258 7.051844
4129 392.389158 7.751081
4130 306.499523 6.880655
4131 342.749954 7.397466
4132 329.699735 7.199043
4133 333.775455 7.172450
4134 369.382775 7.312238
4135 325.340503 7.153092
4136 344.159709 7.304058
4137 322.247427 7.097218
4138 356.966097 7.389356
4139 343.576662 7.251942
4140 361.537302 7.161530
4141 347.340770 7.312603
4142 314.830718 7.126971
4143 317.829019 6.794889
4144 323.361292 7.143575
4145 331.347962 7.008303
4146 354.735082 7.386849
4147 352.015417 7.150590
4148 349.629304 7.023843
4149 345.061352 7.170218
4150 332.504159 7.046555
4151 312.155908 6.919366
4152 327.615088 6.802498
4153 310.301542 7.063889
4154 337.781086 6.995312
4155 328.020865 7.192489
4156 342.276475 7.229381
4157 340.283960 7.282782
4158 310.080039 7.089261
4159 342.821389 7.021984
4160 341.448037 7.370660
4161 324.706945 7.157092
4162 335.761071 7.185867
4163 340.133194 7.155689
4164 365.048254 7.404951
4165 300.989018 6.999150
4166 366.014349 7.316958
4167 326.413508 6.865397
4168 344.381403 7.300647
4169 315.676869 6.864077
4170 307.151703 7.047600
4171 363.454733 7.224391
4172 346.412982 7.280006
4173 364.289146 7.310974
4174 341.988591 7.167499
4175 334.047708 7.214053
4176 326.894036 7.130656
4177 302.772869 7.060351
4178 334.219863 7.272565
4179 299.849451 6.992125
4180 349.493136 7.221338
4181 400.678432 7.610125
4182 334.172567 7.236791
4183 328.432502 7.184053
4184 358.681146 7.400134
4185 299.374560 7.015399
4186 392.463477 7.585642
4187 309.809410 7.104514
4188 338.313702 7.201469
4189 321.459480 7.211853
4190 383.796959 7.473700
4191 348.469111 7.299979
4192 330.955054 7.060257
4193 359.026591 7.457327
4194 316.507727 6.970100
4195 349.952115 7.272203
4196 337.974962 7.124497
4197 346.565576 7.380233
4198 341.520627 7.271225
4199 359.767790 7.251141
4200 357.260312 7.232069
4201 343.699108 7.290306
4202 314.001652 7.204767
4203 357.154524 7.471060
4204 350.474916 7.408557
4205 303.359118 7.127301
4206 286.448456 6.994809
4207 329.181604 7.293244
4208 364.487853 7.383068
4209 329.310440 7.249092
4210 322.370075 6.991925
4211 351.365931 7.169689
4212 342.266046 7.337749
4213 301.215602 7.189997
4214 332.923406 7.315040
4215 343.903687 7.303621
4216 327.394027 7.212674
4217 341.408944 7.365661
4218 347.345219 7.111253
4219 341.754403 7.044734
4220 339.381089 7.264627
4221 294.104859 7.092857
4222 327.010692 7.141673
4223 370.828769 7.474193
4224 347.536955 7.245945
4225 333.434782 7.341099
4226 300.724269 7.136689
4227 334.092216 7.359299
4228 302.986798 7.141011
4229 305.459321 7.163061
4230 381.945486 7.591239
4231 367.568239 7.732870
4232 329.002069 7.375083
4233 344.804935 7.385888
4234 343.213654 7.418199
4235 397.937676 7.610666
4236 359.677155 7.434139
4237 358.073177 7.469771
4238 331.426208 7.208872
4239 327.178008 7.346787
4240 314.360972 7.219348
4241 309.881201 7.049420
4242 356.730992 7.383586
4243 348.490717 7.201962
4244 356.906997 7.369587
4245 399.582898 7.676972
4246 346.783003 7.497973
4247 355.606015 7.509356
4248 357.660511 7.495143
4249 315.810475 7.399204
4250 348.651645 7.427518
4251 338.929586 7.349722
4252 338.497148 7.250109
4253 327.617141 7.411490
4254 327.543199 7.190796
4255 330.157779 7.241893
4256 364.845383 7.280428
4257 344.858233 7.453943
4258 390.772542 7.714207
4259 380.344929 7.712898
4260 302.530137 7.288036
4261 367.269763 7.610185
4262 361.455161 7.356614
4263 360.844817 7.436784
4264 337.643821 7.505364
4265 342.464523 7.351833
4266 376.206021 7.519747
4267 362.932068 7.702746
4268 320.677192 7.155243
4269 288.308372 7.153685
4270 364.224275 7.440578
4271 352.666643 7.327611
4272 356.312560 7.537882
4273 301.370128 7.046626
4274 335.153901 7.407244
4275 345.831710 7.526430
4276 361.752843 7.609643
4277 364.052222 7.532833
4278 323.812043 7.199025
4279 382.992573 7.664448
4280 351.077577 7.492845
4281 328.128078 7.479358
4282 349.450376 7.540448
4283 302.069748 7.161140
4284 336.347304 7.475092
4285 291.059657 7.076736
4286 349.398939 7.437774
4287 393.414910 7.626927
4288 385.058721 7.696737
4289 325.179471 7.370783
4290 323.732019 7.315375
4291 377.044812 7.430395
4292 332.434978 7.482209
4293 309.494158 7.396859
4294 334.813958 7.504618
4295 333.184476 7.291450
4296 362.655822 7.616560
4297 375.996660 7.753587
4298 331.847857 7.461583
4299 328.191676 7.465391
4300 353.593983 7.475188
4301 333.922898 7.508317
4302 314.392774 7.286885
4303 331.061689 7.438324
4304 369.662433 7.625069
4305 332.776951 7.493679
4306 347.472900 7.587478
4307 365.033828 7.701131
4308 321.873932 7.427683
4309 340.128534 7.460657
4310 360.220000 7.494037
4311 364.291196 7.621332
4312 355.549262 7.560219
4313 312.862966 7.393523
4314 398.019504 7.820130
4315 348.185977 7.776782
4316 300.463909 7.124055
4317 340.452756 7.555033
4318 342.766707 7.543837
4319 367.589423 7.679849
4320 350.501237 7.406618
4321 346.975855 7.597169
4322 366.749634 7.788041
4323 323.337220 7.318354
4324 377.284935 7.796785
4325 329.839170 7.543852
4326 376.674092 7.778289
4327 362.073820 7.730080
4328 360.687895 7.451867
4329 350.304633 7.441003
4330 377.336876 7.633938
4331 342.820090 7.618057
4332 334.416933 7.617602
4333 346.717576 7.600375
4334 347.799010 7.363802
4335 335.158782 7.571356
4336 350.786493 7.486844
4337 333.567347 7.565686
4338 358.891118 7.602627
4339 327.388759 7.517904
4340 358.065952 7.572879
4341 332.051010 7.619475
4342 369.761946 7.728681
4343 349.033169 7.620579
4344 368.855956 7.697641
4345 336.164629 7.625275
4346 359.513890 7.586665
4347 333.075898 7.584479
4348 339.884698 7.651306
4349 339.687403 7.660560
4350 336.217079 7.413838
4351 367.314412 7.630441
4352 356.036596 7.525554
4353 344.018343 7.683007
4354 338.154134 7.684810
4355 358.048163 7.587230
4356 397.923981 8.115651
4357 332.205229 7.695969
4358 356.430945 7.710481
4359 340.117037 7.677548
4360 373.148364 7.813495
4361 357.133466 7.760930
4362 345.969376 7.787111
4363 356.948879 7.572181
4364 332.813810 7.659236
4365 374.886431 7.878495
4366 337.380739 7.756365
4367 370.382210 7.788161
4368 345.561636 7.751154
4369 408.185030 8.007460
4370 337.855469 7.687027
4371 354.328105 7.557946
4372 339.430198 7.668757
4373 368.923448 7.704832
4374 346.323723 7.830587
4375 364.349467 7.894901
4376 353.284320 7.653328
4377 375.288040 7.936131
4378 328.723626 7.641967
4379 328.497227 7.528004
4380 359.311951 7.762949
4381 405.685449 7.910858
4382 377.445219 7.942724
4383 340.698137 7.745092
4384 385.690253 8.010603
4385 333.349760 7.759504
4386 375.749979 7.771018
4387 393.622827 7.842118
4388 379.542110 7.988755
4389 339.362653 7.773972
4390 329.473433 7.753468
4391 344.256638 7.741371
4392 383.747450 8.038268
4393 345.464918 7.574427
4394 323.321210 7.700238
4395 374.586768 7.818458
4396 334.500498 7.722776
4397 359.516244 7.819459
4398 367.384737 7.846054
4399 366.949037 7.801097
4400 385.917401 8.035237
4401 348.584290 7.841354
4402 357.343288 7.650484
4403 388.831945 8.189983
4404 389.094585 7.861077
4405 359.181640 7.958784
4406 362.500831 7.671874
4407 345.784988 7.852077
4408 396.936381 7.999126
4409 384.015436 7.849782
4410 380.525415 7.953782
4411 326.002398 7.776957
4412 376.456289 7.965861
4413 330.517977 7.575004
4414 331.812895 7.473112
4415 385.316106 8.126650
4416 346.318646 7.771961
4417 375.711066 7.943261
4418 325.527280 7.506485
4419 365.232808 8.024326
4420 378.186278 7.742307
4421 372.564201 7.879805
4422 332.208314 7.757905
4423 343.422989 7.876486
4424 357.999356 7.887308
4425 390.735231 7.974419
4426 357.230691 7.888550
4427 373.347610 8.167919
4428 373.505014 7.752158
4429 364.349315 7.957442
4430 390.694514 8.060381
4431 420.729667 8.309461
4432 359.992832 7.967447
4433 343.367623 7.925176
4434 372.674389 7.977014
4435 349.618274 7.864893
4436 369.466210 8.026019
4437 371.538285 7.961603
4438 412.093818 8.308706
4439 349.148346 7.935099
4440 378.040899 8.036162
4441 397.395772 8.237235
4442 365.862526 8.029361
4443 372.854053 8.119132
4444 403.370455 8.178734
4445 426.984661 8.331091
4446 353.809134 8.021959
4447 394.410794 8.187296
4448 350.819600 7.730055
4449 364.287999 8.048570
4450 389.023358 8.196514
4451 379.482571 8.191480
4452 388.890634 8.316988
4453 377.583660 8.002415
4454 346.258615 7.876043
4455 363.355974 7.913675
4456 362.294904 7.943052
4457 373.393033 8.147281
4458 393.523163 8.064100
4459 391.994808 8.052988
4460 393.299564 8.141207
4461 353.136043 7.948778
4462 359.863216 7.783015
4463 386.202264 8.216258
4464 412.185265 8.820481
4465 365.850521 8.072027
4466 368.556950 8.106469
4467 374.771177 8.176809
4468 334.563610 7.891031
4469 341.899216 8.060995
4470 358.736352 8.089739
4471 383.973721 8.259334
4472 392.388989 8.338778
4473 426.641724 8.401473
4474 377.623166 8.089717
4475 343.288035 7.965681
4476 396.180673 8.191091
4477 387.452454 8.159339
4478 388.513516 8.064288
4479 394.657198 8.182752
4480 374.727980 8.190853
4481 386.692629 8.316662
4482 335.424689 7.998374
4483 394.205946 8.021496
4484 383.471521 8.286079
4485 414.440020 8.417394
4486 337.601950 7.925761
4487 365.618086 8.172793
4488 408.653355 8.277165
4489 380.381741 8.171981
4490 358.580038 8.005971
4491 369.113874 8.130858
4492 366.480096 8.161697
4493 361.828883 7.984570
4494 415.273975 8.480179
4495 420.751855 8.381550
4496 378.039786 8.310429
4497 370.781739 8.082903
4498 397.805017 8.120554
4499 393.347977 8.154195
4500 426.186093 8.545715
4501 386.809631 8.128557
4502 376.388149 8.304622
4503 405.792102 8.349200
4504 395.907389 8.385788
4505 407.835819 8.565262
4506 390.460440 8.319539
4507 377.030231 8.265439
4508 395.268792 8.170628
4509 380.215462 8.347189
4510 341.786838 8.107050
4511 369.323873 8.013327
4512 376.496014 8.049546
4513 335.649105 8.056889
4514 371.846632 8.317774
4515 369.859975 8.313573
4516 348.994715 8.056704
4517 380.082809 8.383739
4518 372.885931 8.019534
4519 373.943562 8.452413
4520 367.288254 8.317781
4521 379.154188 8.386672
4522 381.801896 8.216012
4523 386.550974 8.239261
4524 383.694836 8.263374
4525 401.429115 8.372567
4526 376.146326 8.032078
4527 350.205444 8.049262
4528 372.010611 8.322431
4529 393.309504 8.100296
4530 399.989951 8.322987
4531 376.073384 8.102867
4532 384.456486 8.087845
4533 376.710140 8.277470
4534 360.441294 8.232825
4535 360.005978 8.298945
4536 362.014505 8.153948
4537 411.828855 8.476651
4538 411.443414 8.420243
4539 379.471214 8.391533
4540 372.544694 7.980213
4541 372.636131 8.219321
4542 360.844654 8.274497
4543 368.265288 8.268992
4544 408.011969 8.247967
4545 380.408929 8.072095
4546 350.535962 8.216965
4547 390.813753 8.405230
4548 356.660336 8.221531
4549 401.827093 8.339212
4550 372.554132 8.120652
4551 408.921978 8.492637
4552 398.186215 8.519414
4553 363.376748 8.133778
4554 377.519906 8.037441
4555 421.933176 8.436901
4556 405.367618 8.613465
4557 353.454048 8.011169
4558 407.010992 8.556080
4559 390.724584 8.391845
4560 403.817358 8.383866
4561 407.286568 8.366705
4562 373.502811 8.091414
4563 390.896208 8.432103
4564 361.913117 7.973736
4565 359.574490 8.324171
4566 374.135718 8.412043
4567 377.099626 8.347817
4568 346.372463 8.204726
4569 355.490141 8.291096
4570 359.527835 8.220388
4571 375.565022 8.381962
4572 392.629363 8.360896
4573 352.723155 8.081563
4574 358.900198 8.329938
4575 405.451007 8.495769
4576 411.226422 8.592485
4577 362.189720 8.301388
4578 401.981291 8.285597
4579 404.221058 8.475933
4580 398.643553 8.619440
4581 380.843580 8.330746
4582 370.356269 8.260192
4583 369.024694 8.405150
4584 397.468901 8.574645
4585 453.281603 9.728153
4586 408.657951 8.459364
4587 383.256429 8.468262
4588 436.501085 9.600011
4589 393.275638 8.395383
4590 393.543237 8.326462
4591 389.782520 8.462265
4592 403.161607 8.475830
4593 436.488428 8.705769
4594 379.507689 8.168972
4595 365.320385 8.419605
4596 407.519930 8.598673
4597 363.245403 8.349039
4598 434.496100 8.722663
4599 401.814834 8.409753
4600 394.885429 8.620960
4601 407.253291 8.536842
4602 380.160436 8.240478
4603 409.914100 8.582261
4604 388.722928 8.391468
4605 390.404358 8.567122
4606 396.699763 8.647007
4607 402.795752 8.281220
4608 369.813079 8.450532
4609 426.095392 8.755055
4610 402.137273 8.635546
4611 411.690317 8.639067
4612 358.684136 8.339113
4613 387.693468 8.550009
4614 404.287297 8.586099
4615 401.597892 8.566505
4616 362.525641 8.471482
4617 395.363982 8.342297
4618 412.445548 8.675249
4619 386.107191 8.737840
4620 393.064310 8.595122
4621 412.435284 8.763813
4622 409.719811 8.624731
4623 402.973539 8.502209
4624 388.980852 8.233968
4625 405.860380 8.768974
4626 422.778398 8.765738
4627 406.562083 8.858381
4628 373.760643 8.279575
4629 394.965793 8.459777
4630 399.459432 8.493472
4631 356.680495 8.454007
4632 371.888133 8.535968
4633 407.366590 8.766059
4634 378.892306 8.606061
4635 373.371805 8.558492
4636 409.387998 8.770875
4637 373.162448 8.524811
4638 424.284369 8.861570
4639 387.882095 8.333177
4640 408.050199 8.776605
4641 385.954667 8.718198
4642 398.415467 8.632854
4643 415.046429 8.279292
4644 418.806371 8.805327
4645 374.559619 8.363871
4646 371.987058 8.576355
4647 385.913568 8.580887
4648 367.624407 8.502443
4649 416.379555 8.893417
4650 415.387713 8.616197
4651 459.090223 9.763636
4652 378.345751 8.656842
4653 410.570539 8.657594
4654 390.924605 8.783261
4655 409.638725 8.877811
4656 395.388538 8.745379
4657 413.673963 8.596351
4658 375.784532 8.647442
4659 398.316048 8.481878
4660 407.179303 8.638142
4661 376.503041 8.591466
4662 410.239668 8.635773
4663 389.960554 8.527870
4664 386.859523 8.606192
4665 408.366808 8.915507
4666 406.552269 8.932950
4667 398.406927 8.768343
4668 403.535681 8.876910
4669 426.508513 8.921917
4670 429.829058 9.042426
4671 405.658638 8.940555
4672 387.457724 8.731442
4673 444.209351 9.057771
4674 409.904466 8.775258
4675 413.943463 8.790719
4676 402.469661 8.971407
4677 409.205129 8.531960
4678 389.553974 8.816609
4679 376.927753 8.752437
4680 433.926435 8.973302
4681 414.710906 8.847983
4682 369.819611 8.593002
4683 398.989914 9.025722
4684 402.396514 8.860451
4685 422.129377 8.810131
4686 391.132361 8.808102
4687 385.423091 8.718680
4688 366.910601 8.521798
4689 426.549307 8.963104
4690 405.433657 8.754875
4691 409.379660 8.974708
4692 419.063854 8.844096
4693 483.364072 10.414889
4694 429.668090 8.944402
4695 410.662264 8.793320
4696 399.973609 8.728321
4697 424.230113 8.913654
4698 388.349130 8.523487
4699 412.229343 8.871470
4700 421.123894 8.785612
4701 417.865058 8.824495
4702 389.082968 8.865266
4703 396.189270 8.715721
4704 422.055659 8.872563
4705 418.173088 8.935477
4706 445.364715 9.305664
4707 394.923373 8.939299
4708 431.073220 9.159620
4709 430.113398 8.950065
4710 406.170678 8.768674
4711 428.283998 9.090281
4712 442.173400 9.330557
4713 417.350938 9.069224
4714 412.845407 8.982905
4715 418.283714 9.025163
4716 426.033846 8.844739
4717 409.487911 9.018343
4718 428.871217 9.088158
4719 458.286130 9.698985
4720 434.219909 9.066156
4721 395.986522 8.941931
4722 426.146614 8.898295
4723 411.371778 8.976390
4724 431.536926 9.069365
4725 408.000937 8.880760
4726 428.704148 9.207299
4727 420.699927 8.863603
4728 468.012550 9.247034
4729 419.297060 9.100002
4730 395.497360 8.991785
4731 416.371140 8.775216
4732 393.521784 8.987158
4733 417.254975 8.894288
4734 391.587451 8.846167
4735 415.064425 9.036322
4736 403.121088 9.032440
4737 433.465971 9.146755
4738 436.691925 9.064077
4739 413.521319 8.962292
4740 406.453092 8.998342
4741 410.861193 9.096331
4742 403.321912 8.754040
4743 402.039184 9.022644
4744 383.666107 8.856110
4745 421.414176 9.055032
4746 446.921866 9.297328
4747 360.843761 8.867884
4748 449.335280 9.205002
4749 417.194832 9.196755
4750 411.320082 9.038146
4751 420.382053 8.914961
4752 424.868429 8.874165
4753 431.277971 9.211197
4754 410.471192 9.137991
4755 439.921258 9.086520
4756 399.272988 8.974058
4757 413.655704 9.124471
4758 418.436705 9.106070
4759 409.282017 8.808104
4760 415.381456 9.071773
4761 399.528112 9.092737
4762 386.474370 9.011333
4763 392.867148 9.027402
4764 385.559978 8.828237
4765 414.662568 8.816587
4766 420.337052 9.109977
4767 422.106760 9.251330
4768 393.909644 8.959475
4769 437.824835 9.143955
4770 405.052408 9.152067
4771 412.749276 8.965883
4772 457.659808 9.320001
4773 426.867417 9.207401
4774 458.241714 9.434032
4775 478.583960 10.422974
4776 434.088341 9.419090
4777 386.417835 8.903624
4778 454.326064 9.327363
4779 398.529576 9.109682
4780 389.932706 8.881753
4781 458.818246 9.372286
4782 418.766805 9.192594
4783 413.218713 9.069208
4784 464.313152 9.960330
4785 427.803250 9.091146
4786 438.807921 9.239518
4787 401.262536 9.229690
4788 451.214023 9.395050
4789 451.419151 9.203107
4790 419.540576 9.097066
4791 448.380406 9.361232
4792 421.421200 9.207902
4793 441.001461 9.195315
4794 417.129890 9.393527
4795 436.387185 9.045403
4796 401.054030 9.164434
4797 396.806563 9.041966
4798 384.503236 9.077349
4799 413.120674 9.157766
4800 411.933179 9.014290
4801 384.272225 8.987828
4802 401.701275 9.024498
4803 420.511984 9.136269
4804 404.133877 9.260191
4805 459.543116 9.453042
4806 413.510852 9.268414
4807 441.894017 9.431131
4808 439.933215 9.413329
4809 432.496003 9.135670
4810 454.736817 9.425333
4811 427.020442 9.432528
4812 465.890688 9.430284
4813 482.171303 9.555559
4814 435.681678 9.412357
4815 385.876113 9.091641
4816 392.804218 9.139611
4817 419.625623 9.152854
4818 438.266412 9.369227
4819 394.725348 9.232477
4820 408.030400 9.051754
4821 411.380194 9.047117
4822 387.838830 9.186952
4823 398.495749 9.289202
4824 461.406471 9.701328
4825 406.978674 9.333286
4826 414.696268 9.328572
4827 426.538175 9.151139
4828 404.222484 9.208228
4829 433.560483 9.415149
4830 430.678549 9.309151
4831 472.516076 9.447957
4832 436.027293 9.446434
4833 429.990073 9.518434
4834 425.562312 9.303111
4835 443.543478 9.553662
4836 423.238172 9.407096
4837 449.981239 9.477895
4838 432.800124 9.406843
4839 443.307150 9.570659
4840 464.695256 9.712669
4841 445.317919 9.687791
4842 415.613011 9.255249
4843 479.741187 9.691170
4844 448.354021 9.520106
4845 385.149402 9.207536
4846 398.194398 9.332622
4847 411.990274 9.395651
4848 394.622520 9.155449
4849 404.998669 9.356667
4850 426.380711 9.339115
4851 428.113350 9.413817
4852 430.551264 9.241002
4853 436.528939 9.431700
4854 448.088509 9.459968
4855 407.111658 9.388508
4856 410.574524 9.488548
4857 440.543362 9.498613
4858 433.531361 9.729233
4859 461.458829 9.583578
4860 423.731237 9.320864
4861 424.979642 9.396060
4862 451.581728 9.612547
4863 424.791531 9.317600
4864 400.877723 9.165755
4865 436.259470 9.345122
4866 468.303859 9.397378
4867 445.263024 9.649544
4868 416.952572 9.326817
4869 413.442341 9.339494
4870 432.312550 9.450716
4871 401.830319 9.413346
4872 442.789245 9.423467
4873 406.768588 9.473395
4874 431.452318 9.534223
4875 435.171662 9.588871
4876 407.499992 9.362439
4877 408.713793 9.432937
4878 438.898255 9.744875
4879 458.357641 9.627304
4880 467.648892 9.653629
4881 434.082048 9.339551
4882 442.476797 9.714852
4883 433.266273 9.401398
4884 444.055303 9.311637
4885 419.553894 9.604505
4886 463.008072 9.693775
4887 421.199050 9.603748
4888 404.897865 9.518212
4889 415.796608 9.449315
4890 450.014747 9.595602
4891 453.939495 9.759082
4892 438.365284 9.573096
4893 447.251194 9.501319
4894 416.578214 9.543500
4895 487.724621 9.844200
4896 438.545917 9.685874
4897 475.892381 9.682045
4898 392.397522 9.291769
4899 447.336736 9.604217
4900 435.204783 9.602607
4901 414.739838 9.624491
4902 423.704083 9.511821
4903 450.359632 9.649540
4904 439.109891 9.644078
4905 428.330998 9.567509
4906 419.316470 9.475588
4907 419.991393 9.598341
4908 450.596582 9.468554
4909 449.514489 9.777022
4910 440.530052 9.673075
4911 432.543994 9.705184
4912 423.565689 9.557189
4913 414.231382 9.425751
4914 453.718818 9.539755
4915 464.390390 9.785992
4916 440.247451 9.518244
4917 439.416977 9.696509
4918 459.961129 9.703058
4919 495.156340 9.917841
4920 419.156156 9.489659
4921 463.629376 9.869058
4922 477.819782 10.532868
4923 441.364076 9.661534
4924 435.734602 9.596110
4925 442.189515 9.841299
4926 426.034092 9.535822
4927 438.415931 9.633955
4928 404.367394 9.574327
4929 455.584167 9.800807
4930 438.875596 9.415143
4931 427.364273 9.560419
4932 468.546782 9.900656
4933 415.158579 9.707794
4934 466.246008 9.938294
4935 440.283729 9.817067
4936 429.799821 9.725955
4937 436.229003 9.825598
4938 455.942405 9.950632
4939 514.561375 10.781071
4940 448.390291 9.874016
4941 457.254332 10.050481
4942 420.949328 9.733224
4943 437.664142 9.715933
4944 453.436086 9.776283
4945 421.663152 9.560854
4946 430.052472 9.704510
4947 497.398772 10.255543
4948 446.551608 9.737833
4949 449.556928 9.938460
4950 417.917296 9.745197
4951 487.600960 10.206040
4952 457.467616 9.873854
4953 429.418935 9.735284
4954 435.711735 9.900131
4955 468.046336 10.059566
4956 434.630202 9.693657
4957 435.112594 9.813514
4958 486.403529 9.870291
4959 429.291780 9.877320
4960 452.053242 9.752641
4961 470.632391 10.012905
4962 422.431048 9.862593
4963 446.056979 9.918121
4964 469.217409 10.267880
4965 480.942224 10.051213
4966 409.532636 9.703994
4967 458.555793 10.065173
4968 479.468417 10.180517
4969 451.296898 10.076755
4970 449.337707 9.837567
4971 426.342392 9.866086
4972 469.636504 10.112172
4973 470.224525 9.889549
4974 451.917749 9.968055
4975 449.390068 9.948787
4976 450.561934 10.038243
4977 476.220297 10.107743
4978 442.019989 9.919890
4979 443.648418 9.802040
4980 447.957635 9.913893
4981 450.265756 9.629684
4982 475.975110 10.104678
4983 475.475233 10.014006
4984 487.743395 10.014094
4985 462.714731 10.233807
4986 456.432325 10.091553
4987 470.083795 10.271754
4988 467.060416 10.054643
4989 451.327190 10.085538
4990 464.824950 9.948455
4991 450.896755 9.914752
4992 463.248275 10.156508
4993 456.876055 10.085564
4994 467.453036 10.088252
4995 461.132890 10.067269
4996 469.384355 10.216794
4997 516.016657 10.314311
4998 459.002676 10.339953
4999 448.300761 10.230343
5000 428.987793 9.783484

real	304m13.908s
user	3733m16.315s
sys	7983m25.866s
6000 650.379198 14.450315
7000 922.945465 20.355405
8000 1246.566824 28.120153
9000 1612.240667 37.393118
10000 2111.694937 51.734315
11000 2641.196371 65.338436
12000 3218.578307 81.177281
13000 4034.659001 102.449517
14000 4712.588578 130.776960
15000 5489.583227 154.980485

real	11m42.906s
user	119m58.221s
sys	325m10.502s
